Product_Identifier,Supermarket_Identifier,Product_Fat_Content,Product_Type,Supermarket _Size,Supermarket_Location_Type,Supermarket_Type,Product_Shelf_Visibility,Product_Price,Supermarket_Opening_Year,0
0,0,1,14,2,2,0,0.214125129,459.98,2005,1022.3102948310068
0,1,1,14,0,2,1,0.127821472,464.98,1994,8449.16624509593
1,1,0,14,0,2,1,0.08217094700000001,477.38,1994,8082.114880207012
2,0,1,14,2,2,0,0.01179078,472.63,2005,1277.2869695773793
2,1,1,14,0,2,1,0.007038478000000001,473.13,1994,7886.745473198879
3,2,0,14,1,1,1,0.069852615,268.73,2014,4308.884563830767
3,5,0,14,1,2,3,0.06912336,265.23,1992,7258.440989373092
3,6,0,14,2,1,1,0.069446588,265.98,2011,4332.790775472825
4,2,1,14,1,1,1,0.024994069,93.71,2014,1836.2232153732493
4,5,1,14,1,2,3,0.024733134,100.71,1992,6214.212425030578
4,6,1,14,2,1,1,0.024848787999999997,99.96,2011,1840.158539852842
4,8,1,14,2,0,1,0.0,98.46,2004,1973.1204731788578
4,9,1,14,1,0,1,0.024892129,94.71,2006,1833.7545797899156
5,2,1,14,1,1,1,0.019308607,122.67,2014,1990.7336933609276
5,3,1,14,1,2,2,0.019278216,120.67,2016,1985.6210698611158
5,5,1,14,1,2,3,0.019107027,121.17,1992,6230.593501140922
5,7,1,14,0,1,1,0.019238942,124.67,2009,1990.9587781803964
5,8,1,14,2,0,1,0.019200003,119.42,2004,1986.3546175277827
6,6,1,14,2,1,1,0.032435437000000004,312.18,2011,5126.309708011027
6,7,1,14,0,1,1,0.0,306.43,2009,5443.487262688261
7,3,0,14,1,2,2,0.045556680999999995,213.47,2016,4012.296499704088
7,4,0,14,2,0,0,0.079440262,216.97,1992,386.23168915305934
7,5,0,14,1,2,3,0.0,218.47,1992,8204.89418893476
7,7,0,14,0,1,1,0.045463870999999996,213.22,2009,4015.9838701362128
7,8,0,14,2,0,1,0.045371855,215.22,2004,4009.3904668964633
8,0,0,4,2,2,0,0.097251621,614.45,2005,1512.0575789120714
8,3,0,4,1,2,2,0.058339153,615.7,2016,8664.725377515086
8,9,0,4,1,0,1,0.058192802,617.45,2006,8603.351984143177
9,1,1,14,0,2,1,0.0,434.01,1994,8125.246374266651
10,2,1,14,1,1,1,0.061521569000000005,139.65,2014,2044.531650699629
10,3,1,14,1,2,2,0.061424738,141.9,2016,2026.22285739575
10,6,1,14,2,1,1,0.061163967,141.4,2011,2035.143516337085
10,7,1,14,0,1,1,0.061299600999999995,140.65,2009,2040.9592422147807
10,9,1,14,1,0,1,0.061270647000000004,133.15,2006,2137.6025910162484
11,2,0,14,1,1,1,0.077630199,227.29,2014,4151.057300459168
11,3,2,14,1,2,2,0.077508015,230.79,2016,4166.669929323634
11,5,0,14,1,2,3,0.0,223.54,1992,8184.499092809851
11,6,0,14,2,1,1,0.077178965,232.79,2011,4282.458123920234
11,7,0,14,0,1,1,0.077350112,228.54,2009,4371.053893736044
11,8,0,14,2,0,1,0.077193561,224.79,2004,4071.0960149598573
12,2,0,14,1,1,1,0.049357077,156.54,2014,2370.1708586653554
12,3,0,14,1,2,2,0.049279392000000005,164.29,2016,3024.697038112123
12,5,0,14,1,2,3,0.048841794,161.79,1992,6522.331762735653
12,6,0,14,2,1,1,0.049070182999999996,154.79,2011,2322.3764272699727
12,7,0,14,0,1,1,0.049178998,164.04,2009,3000.467147136567
12,9,0,14,1,0,1,0.049155769,163.04,2006,3008.906834117569
13,0,0,4,2,2,0,0.095064731,581.16,2005,1555.8274836877313
13,1,0,4,0,2,1,0.05674865900000001,584.16,1994,9459.083407761378
13,8,0,4,2,0,1,0.056795923,582.16,2004,9158.442245519747
13,9,0,4,1,0,1,0.056884225,579.91,2006,8780.381683021656
14,5,0,14,1,2,3,0.030645957999999997,354.29,1992,8814.055100208876
15,5,0,14,1,2,3,0.07858962900000001,283.22,1992,7563.251417599925
15,6,0,14,2,1,1,0.078957122,279.97,2011,4195.07166772331
15,7,0,14,0,1,1,0.07913221200000001,281.72,2009,4059.349887604089
16,2,0,4,1,1,1,0.023974769,247.51,2014,3908.9224277567987
16,4,0,4,2,0,0,0.041740624,245.76,1992,464.7220233212697
16,7,0,4,0,1,1,0.0,244.76,2009,3826.7866336104225
17,2,0,14,1,1,1,0.013920031999999999,112.52,2014,2148.3793730791062
17,3,0,14,1,2,2,0.013898123,116.27,2016,2139.804357097959
17,7,0,14,0,1,1,0.013869808999999999,118.52,2009,2215.2529287125035
17,8,0,14,2,0,1,0.013841737,113.02,2004,2224.4142035901696
17,9,0,14,1,0,1,0.013863257,112.77,2006,2224.4142035901696
18,8,2,14,2,0,1,0.16783106399999997,593.64,2004,10858.67645740585
19,1,0,14,0,2,1,0.037201127,454.41,1994,8577.822433511848
20,0,0,14,2,2,0,0.279783532,604.63,2005,1594.547767932871
20,8,0,14,2,0,1,0.167155198,604.38,2004,10894.791961893692
21,2,0,4,1,1,1,0.024363938999999998,115.93,2014,1986.1985446919603
21,3,0,4,1,2,2,0.024325592000000004,121.43,2016,1980.715023597782
21,6,0,4,2,1,1,0.024222321,113.93,2011,1988.6855931732607
21,7,0,4,0,1,1,0.024276035,113.43,2009,1992.4896564504566
21,8,0,4,2,0,1,0.024226902,121.93,2004,1981.154034597782
21,9,0,4,1,0,1,0.024264569,116.43,2006,1986.1985446919603
22,5,0,14,1,2,3,0.07043780000000001,282.22,1992,7990.912066406448
22,6,0,14,2,1,1,0.070767174,279.97,2011,4158.420695810064
22,7,0,14,0,1,1,0.0,277.97,2009,4051.0924794721764
23,5,0,14,1,2,3,0.027570939,216.55,1992,6890.2123180271865
23,6,0,14,2,1,1,0.027699862999999998,219.8,2011,3828.579091641386
23,7,0,14,0,1,1,0.027761288999999998,214.55,2009,3852.974665123521
23,9,0,14,1,0,1,0.027748176,216.3,2006,3831.8152753457384
24,2,0,4,1,1,1,0.0,189.25,2014,3288.3424529948866
24,3,0,4,1,2,2,0.017857847,193.75,2016,3098.601326713803
24,4,0,4,2,0,0,0.031139932999999998,187.0,1992,392.3157004029638
24,5,0,4,1,2,3,0.01769927,185.5,1992,6650.363805381778
24,7,0,4,0,1,1,0.017821466,187.75,2009,3133.2412493132115
24,8,0,4,2,0,1,0.0,194.0,2004,3318.432347756711
25,2,2,14,1,1,1,0.073697713,229.78,2014,4131.208120608674
25,5,0,14,1,2,3,0.07292831599999999,236.03,1992,7110.430280730369
25,6,0,14,2,1,1,0.07326933599999999,230.28,2011,4230.4724283379965
26,6,0,4,2,1,1,0.132645493,242.43,2011,3756.155246443817
26,7,0,4,0,1,1,0.132939639,245.18,2009,3773.7814000554777
27,1,0,14,0,2,1,0.017311312,494.69,1994,8442.186767257528
27,8,0,14,2,0,1,0.01732573,494.94,2004,7409.27373062305
28,1,0,14,0,2,1,0.159201868,565.18,1994,12104.542443669428
29,3,0,4,1,2,2,0.045492697,100.78,2016,1831.7682337792903
29,5,0,4,1,2,3,0.045088724000000004,99.28,1992,6041.637594951306
29,6,0,4,2,1,1,0.045299563,97.03,2011,1825.2255539692612
29,7,0,4,0,1,1,0.045400017,97.03,2009,1825.2255539692612
29,8,0,4,2,0,1,0.045308130999999995,106.28,2004,1893.103110138399
29,9,0,4,1,0,1,0.045378573,106.03,2006,1893.103110138399
30,4,0,14,2,0,0,0.068153091,90.05,1992,267.6192947731968
30,5,0,14,1,2,3,0.038736754,93.3,1992,5839.824896164891
30,6,0,14,2,1,1,0.038917891,89.8,2011,1886.7915828841649
30,7,0,14,0,1,1,0.039004193,92.55,2009,1876.3613207599176
30,8,0,14,2,0,1,0.038925251,87.3,2004,1814.5849708208996
30,9,0,14,1,0,1,0.03898577,86.55,2006,1814.5849708208996
31,0,0,14,2,2,0,0.039463564,474.96,2005,1271.2709867164358
32,1,0,14,0,2,1,0.08426245800000001,653.98,1994,10819.490721922626
32,3,0,14,1,2,2,0.08467617300000001,657.98,2016,9769.217886845907
32,6,0,14,2,1,1,0.084316691,658.48,2011,9991.755988251449
32,7,0,14,0,1,1,0.0,658.98,2009,9958.518990249444
33,6,2,14,2,1,1,0.071064499,286.13,2011,4852.296752204525
33,7,0,14,0,1,1,0.071222087,283.88,2009,4717.282686016234
34,3,0,4,1,2,2,0.166513779,95.13,2016,1780.0084075743987
34,7,0,4,0,1,1,0.166174549,93.63,2009,1788.9030567058783
34,8,0,4,2,0,1,0.165838224,91.63,2004,1796.3886629863775
35,3,0,14,1,2,2,0.0,595.39,2016,10770.182308570274
35,9,0,14,1,0,1,0.052149675,599.89,2006,11156.951527719544
36,4,0,14,2,0,0,0.078576075,196.17,1992,364.78557296001867
36,5,0,14,1,2,3,0.044660955,186.92,1992,6277.81950905608
36,6,0,14,2,1,1,0.044869794000000005,191.17,2011,3276.889477151246
36,8,0,14,2,0,1,0.04487828,188.67,2004,3322.5340374900616
37,7,0,7,0,1,1,0.084008316,270.65,2009,4372.413761811437
38,2,0,4,1,1,1,0.077169953,157.63,2014,2500.718623116252
38,6,0,4,2,1,1,0.076721393,148.63,2011,2044.0278732720526
38,7,0,4,0,1,1,0.076891526,153.88,2009,2249.86816270227
38,8,0,4,2,0,1,0.076735903,156.13,2004,2207.7745505855883
38,9,0,4,1,0,1,0.07685520700000001,148.38,2006,2030.4988489035009
39,1,0,14,0,2,1,0.019033838,464.06,1994,8399.135736093356
40,3,0,4,1,2,2,0.0,105.03,2016,2039.1259371625426
40,4,0,4,2,0,0,0.184035253,105.53,1992,319.3928281352491
40,7,0,4,0,1,1,0.105323859,97.78,2009,1825.2990597006865
40,8,0,4,2,0,1,0.10511069199999999,102.78,2004,1858.855616427973
40,9,0,4,1,0,1,0.10527411099999999,99.78,2006,1825.9900858949256
41,1,0,14,0,2,1,0.095298849,429.53,1994,7886.6812028258055
42,3,0,4,1,2,2,0.042352822000000005,129.25,2016,2062.7130715777294
42,8,0,4,2,0,1,0.042180995,130.25,2004,2089.515749543793
42,9,0,4,1,0,1,0.042246575,135.75,2006,1997.018816652501
43,0,0,14,2,2,0,0.112906337,608.87,2005,1670.9795239017517
43,3,0,14,1,2,2,0.067730081,606.62,2016,11645.57143340369
44,3,0,4,1,2,2,0.035207155,233.78,2016,3577.4149365567287
44,4,0,4,2,0,0,0.061393095,229.53,1992,354.75239270550605
44,6,0,4,2,1,1,0.035057688,229.03,2011,3686.094857532384
45,5,0,7,1,2,3,0.075192072,140.15,1992,5718.652452017577
45,7,2,7,0,1,1,0.075711199,139.15,2009,2001.511571531055
45,9,0,7,1,0,1,0.075675438,133.4,2006,2082.5171225589984
46,4,0,14,2,0,0,0.041821227,269.07,1992,700.4457589606421
46,7,0,14,0,1,1,0.023934398,264.57,2009,4178.213965925191
47,3,0,4,1,2,2,0.11035900400000001,106.86,2016,1716.4709821905212
47,4,0,4,2,0,0,0.19244045,109.86,1992,317.67180945894563
47,8,0,4,2,0,1,0.10991127199999999,104.86,2004,1716.4709821905212
48,2,0,7,1,1,1,0.171281641,135.15,2014,1871.6308885159758
48,4,0,7,2,0,0,0.29820527199999997,139.4,1992,392.7348370477075
48,7,0,7,0,1,1,0.17066366100000002,141.15,2009,1822.5412009992954
48,9,0,7,1,0,1,0.0,137.4,2006,2239.6413607950544
49,2,0,14,1,1,1,0.014675573999999999,127.08,2014,2039.7386026733382
49,5,0,14,1,2,3,0.014522363,125.58,1992,5541.713150363433
49,6,0,14,2,1,1,0.0,130.58,2011,2304.698767328708
49,7,0,14,0,1,1,0.014622625,130.08,2009,2129.1463749969216
50,2,0,14,1,1,1,0.033568871,187.42,2014,3233.838731017303
50,4,0,14,2,0,0,0.058444175999999994,182.67,1992,365.0083672761191
50,6,0,14,2,1,1,0.033373747999999995,185.17,2011,3237.811007658965
50,7,0,14,0,1,1,0.033447756,184.92,2009,3227.4937897037703
50,8,0,14,2,0,1,0.03338006,185.17,2004,3234.2386598921325
51,2,0,4,1,1,1,0.093214498,186.67,2014,2930.7399512547113
51,4,0,4,2,0,0,0.0,189.92,1992,341.27937846560894
51,5,0,4,1,2,3,0.092241348,189.67,1992,6171.662461778122
51,8,0,4,2,0,1,0.0,196.17,2004,3321.4948913262883
51,9,0,4,1,0,1,0.092834313,194.17,2006,3072.230099963281
52,3,0,14,1,2,2,0.024756031,209.65,2016,3553.269515785543
52,4,0,14,2,0,0,0.043168763,207.15,1992,423.06790501336485
52,8,0,14,2,0,1,0.024655594,210.9,2004,3567.93593654544
53,4,0,4,2,0,0,0.170213676,223.96,1992,376.0861453421666
53,5,0,4,1,2,3,0.0,222.96,1992,7493.572858356897
53,6,0,4,2,1,1,0.097198194,224.71,2011,3703.8601354924963
53,9,0,4,1,0,1,0.09736772199999999,223.46,2006,3687.756527097548
54,8,0,7,2,0,1,0.05843345,186.85,2004,2986.6424652950304
54,9,0,7,1,0,1,0.0,180.85,2006,3438.865946471143
55,1,0,14,0,2,1,0.034424277999999996,429.61,1994,8126.4595834833735
56,1,0,4,0,2,1,0.022684799999999998,445.26,1994,7470.9223807869885
57,5,0,7,1,2,3,0.034237682,283.21,1992,7632.914712909223
57,6,0,7,2,1,1,0.034397781,289.46,2011,5089.314954465091
57,7,0,7,0,1,1,0.03447406,292.71,2009,5140.412729221385
58,1,0,14,0,2,1,0.020310046000000002,545.13,1994,12899.768159245352
58,3,0,14,1,2,2,0.020409765,545.88,2016,11848.204567544593
58,8,0,14,2,0,1,0.020326962,541.88,2004,12651.421936230634
59,2,2,14,1,1,1,0.034093202999999996,141.65,2014,1839.466162516015
59,5,0,14,1,2,3,0.033737273,141.65,1992,5662.090731983669
59,7,0,14,0,1,1,0.033970195,137.9,2009,1841.2362679703876
59,8,0,14,2,0,1,0.033901442000000004,140.65,2004,1836.8751047291787
59,9,0,14,1,0,1,0.03395415,141.15,2006,1835.7701023762372
60,2,0,14,1,1,1,0.108206497,145.98,2014,1925.3491767303635
60,3,0,14,1,2,2,0.10803618699999999,143.48,2016,1905.8050787108914
60,5,0,14,1,2,3,0.107076832,146.98,1992,5226.836100611942
60,8,0,14,2,0,1,0.10759787900000001,146.98,2004,1926.078341036058
60,9,0,14,1,0,1,0.107765165,148.98,2006,1956.8602790919697
61,2,0,4,1,1,1,0.097611115,137.23,2014,1866.610661103351
61,3,2,4,1,2,2,0.09745748300000001,138.48,2016,1865.5244486263846
61,5,0,4,1,2,3,0.096592065,137.23,1992,5862.7501246116635
61,6,0,4,2,1,1,0.097043739,143.73,2011,1843.4934356258173
62,3,0,14,1,2,2,0.184254826,206.07,2016,3973.1281275769124
62,6,0,14,2,1,1,0.183472595,205.07,2011,4030.7365683691633
62,7,0,14,0,1,1,0.183879453,207.32,2009,3977.726643394012
62,8,0,14,2,0,1,0.183507295,206.07,2004,3991.0330373423008
63,0,0,7,2,2,0,0.142425145,474.97,2005,1244.6218148229057
63,1,0,7,0,2,1,0.085020342,471.97,1994,7984.5866546846755
64,0,0,7,2,2,0,0.069745165,475.72,2005,1297.4397659174879
64,1,0,7,0,2,1,0.041634206,470.47,1994,8053.253405240917
65,0,0,14,2,2,0,0.189689886,460.98,2005,1094.8308513616214
65,1,0,14,0,2,1,0.113234914,465.98,1994,8155.358035432056
66,2,0,14,1,1,1,0.151419185,125.92,2014,1852.6960358998708
66,3,0,14,1,2,2,0.151180862,118.92,2016,1760.9284342386982
66,7,0,14,0,1,1,0.15087286800000002,118.92,2009,1760.9284342386982
66,9,0,14,1,0,1,0.150801606,121.92,2006,1762.1699747283305
67,2,0,7,1,1,1,0.046848053,151.72,2014,1977.9276502307996
67,8,0,7,2,0,1,0.046584552,153.22,2004,1971.5397319294932
68,1,0,4,0,2,1,0.036295834,543.87,1994,12881.045182820277
68,3,0,4,1,2,2,0.036474041,545.87,2016,11849.86459897051
68,8,0,4,2,0,1,0.036326064,550.37,2004,12707.501079483258
69,1,0,7,0,2,1,0.04421348,433.52,1994,7515.86939912336
70,7,0,14,0,1,1,0.014021626,317.91,2009,5450.371522909816
71,1,0,4,0,2,1,0.087920675,571.42,1994,11966.744749347934
71,9,0,4,1,0,1,0.0,579.92,2006,11726.720450761884
72,5,0,7,1,2,3,0.0,97.54,1992,6777.129772434771
72,7,0,7,0,1,1,0.01941154,100.79,2009,1577.1032133453477
72,8,0,7,2,0,1,0.019372253,101.54,2004,1598.2608216629344
72,9,0,7,1,0,1,0.019402371,96.79,2006,1537.2789311521062
73,2,0,14,1,1,1,0.061409711,236.61,2014,4102.0506594283
73,3,0,14,1,2,2,0.061313057000000004,233.36,2016,4070.254427687697
73,6,0,14,2,1,1,0.06105276,238.61,2011,4048.248491120279
73,7,0,14,0,1,1,0.061188147000000005,235.11,2009,4105.631312454869
74,2,2,14,1,1,1,0.042123243,80.23,2014,1520.3342907993253
74,3,0,14,1,2,2,0.042056944000000006,79.73,2016,1524.815722833392
74,5,0,14,1,2,3,0.041683481,78.23,1992,5569.181505281511
74,6,2,14,2,1,1,0.041878397000000005,82.48,2011,1542.6850248622775
74,7,0,14,0,1,1,0.041971264,83.48,2009,1560.1114929181706
74,9,0,14,1,0,1,0.04195143900000001,81.23,2006,1546.1313605630112
75,1,0,14,0,2,1,0.11507174,495.52,1994,8494.259820905758
75,8,0,14,2,0,1,0.115167579,499.52,2004,8670.030819708982
76,1,0,7,0,2,1,0.07191675,637.01,1994,12022.40701148602
76,3,0,7,1,2,2,0.07226985,635.26,2016,12036.200502385202
76,9,0,7,1,0,1,0.072088552,634.26,2006,11843.05481389056
77,2,0,7,1,1,1,0.072252888,99.13,2014,1648.5746397802357
77,4,0,7,2,0,0,0.125793938,90.63,1992,226.02000507055524
77,5,0,7,1,2,3,0.071498575,94.38,1992,5803.684663780694
77,6,0,7,2,1,1,0.071832909,90.38,2011,1633.0355207214625
77,7,0,7,0,1,1,0.071992202,95.88,2009,1590.880896833727
77,8,0,7,2,0,1,0.071846495,94.88,2004,1603.157311507186
77,9,0,7,1,0,1,0.071958197,95.13,2006,1603.157311507186
78,0,2,14,2,2,0,0.0,476.13,2005,1250.7502826512848
79,2,0,4,1,1,1,0.0,209.56,2014,3443.737121941692
79,5,0,4,1,2,3,0.04962392400000001,208.06,1992,7258.16246256207
79,8,0,4,2,0,1,0.049865399000000005,207.31,2004,4136.011607506259
79,9,0,4,1,0,1,0.049942926,206.06,2006,4136.099799426958
80,1,0,7,0,2,1,0.064011067,575.67,1994,11480.177392946787
80,3,0,7,1,2,2,0.064325351,575.67,2016,11052.100713862965
80,8,0,7,2,0,1,0.06406438,573.17,2004,10735.078861333812
80,9,0,7,1,0,1,0.064163983,574.92,2006,10992.717511660063
81,2,0,14,1,1,1,0.036147029,98.28,2014,1628.9772239011397
81,4,2,14,2,0,0,0.0,101.28,1992,319.4304279805374
81,5,0,14,1,2,3,0.035769657,102.28,1992,5693.8034042224535
81,6,0,14,2,1,1,0.03593692,102.53,2011,1700.2057422311987
81,8,0,14,2,0,1,0.035943717,101.28,2004,1639.7859665790143
81,9,0,14,1,0,1,0.035999599,103.78,2006,1700.2732997311982
82,0,0,7,2,2,0,0.126287542,588.9,2005,1532.7625644422926
82,3,0,7,1,2,2,0.075757177,584.65,2016,10393.075468613932
83,0,1,14,2,2,0,0.129170642,584.99,2005,1743.7409393768005
83,1,1,14,0,2,1,0.077108099,582.24,1994,11384.862788505856
83,9,1,14,1,0,1,0.07729230200000001,588.49,2006,11025.431424383287
84,6,0,7,2,1,1,0.015301418,263.23,2011,3804.844787378463
84,7,0,7,0,1,1,0.015335349,266.73,2009,4127.205294476942
85,2,0,7,1,1,1,0.030877303,105.44,2014,1663.9886766846566
85,5,0,7,1,2,3,0.030554947000000002,104.69,1992,5894.98527744372
85,6,0,7,2,1,1,0.030697825,107.19,2011,1664.1470537135028
85,7,0,7,0,1,1,0.030765898,108.19,2009,1670.018728691877
85,9,0,7,1,0,1,0.030751366000000002,106.44,2006,1664.6657141846567
86,2,0,14,1,1,1,0.0,103.44,2014,1878.0044681896857
86,3,0,14,1,2,2,0.053589594000000004,110.44,2016,1730.4574940059922
86,5,0,14,1,2,3,0.053113720999999996,110.94,1992,5756.807954332175
86,6,0,14,2,1,1,0.053362085999999996,103.94,2011,1720.1968491356874
86,7,0,14,0,1,1,0.053480419,105.94,2009,1718.4805407826568
86,9,0,14,1,0,1,0.053455157999999996,109.19,2006,1715.868420408517
87,5,0,7,1,2,3,0.038549197,318.84,1992,8488.579275026557
87,7,2,7,0,1,1,0.038815341,310.59,2009,5178.57150453384
88,4,0,7,2,0,0,0.037160705,135.57,1992,341.1438691592103
88,6,0,7,2,1,1,0.021220113,137.82,2011,1860.7254505492856
89,1,0,7,0,2,1,0.066014596,649.32,1994,10895.204218638224
89,3,0,7,1,2,2,0.066338717,653.57,2016,10697.328113407993
89,8,0,7,2,0,1,0.066069578,652.57,2004,10666.87606995185
90,1,0,7,0,2,1,0.135620265,432.36,1994,7318.694003963298
91,0,0,14,2,2,0,0.16135017599999998,491.69,2005,1127.4484826133546
91,1,0,14,0,2,1,0.096317593,493.44,1994,8790.847499513658
92,0,0,7,2,2,0,0.073288275,472.96,2005,1331.840500415142
93,5,0,14,1,2,3,0.112349962,97.96,1992,5208.817371110089
93,7,0,14,0,1,1,0.11312562699999999,96.71,2009,1621.8282063299293
93,8,0,14,2,0,1,0.112896669,90.21,2004,1638.2561510810724
93,9,0,14,1,0,1,0.113072194,89.71,2006,1628.9481273310723
94,2,1,14,1,1,1,0.152813518,114.02,2014,1761.8707113018597
94,6,1,14,2,1,1,0.151925271,116.52,2011,1764.5789289496763
94,7,1,14,0,1,1,0.152262171,111.02,2009,1679.822222848415
94,9,1,14,1,0,1,0.0,107.52,2006,1881.2873606152675
95,3,0,7,1,2,2,0.070533748,85.63,2016,1556.395542030132
95,6,0,7,2,1,1,0.070234306,87.38,2011,1559.7297526933994
95,8,0,7,2,0,1,0.070247589,93.88,2004,1616.892368146372
95,9,0,7,1,0,1,0.070356805,92.13,2006,1625.5796528367316
96,4,0,14,2,0,0,0.087854925,239.94,1992,379.70177986548345
96,5,0,14,1,2,3,0.049934854,237.69,1992,6880.022727374854
96,6,0,14,2,1,1,0.050168354000000005,238.44,2011,4060.3318477868947
96,7,0,14,0,1,1,0.050279604000000006,235.44,2009,4136.4310830826125
97,1,0,14,0,2,1,0.096217262,421.29,1994,6776.2149586649775
98,0,0,7,2,2,0,0.028164527,445.42,2005,1076.7576710466622
98,1,0,7,0,2,1,0.016812745,451.67,1994,7380.551552239691
99,2,0,7,1,1,1,0.064504433,118.27,2014,1759.8438884361383
99,5,0,7,1,2,3,0.06383101299999999,115.52,1992,5946.343962902037
99,7,0,7,0,1,1,0.064271703,113.77,2009,1755.213587817569
99,9,0,7,1,0,1,0.064241345,113.02,2006,1761.9697340088271
100,7,0,7,0,1,1,0.034640466,290.37,2009,5146.469195604966
101,6,0,7,2,1,1,0.112203445,279.47,2011,4101.787971379827
102,2,0,7,1,1,1,0.054460571,192.5,2014,3303.045342796197
102,4,0,7,2,0,0,0.094817105,194.75,1992,336.03786559895894
102,7,0,7,0,1,1,0.054264078,187.5,2009,2947.5883170210836
102,9,0,7,1,0,1,0.054238448,188.5,2006,2961.804356769174
103,5,0,7,1,2,3,0.090427268,315.58,1992,8143.268657485036
103,7,0,7,0,1,1,0.09105157900000001,318.58,2009,5133.576081550685
104,1,0,7,0,2,1,0.14048631,631.85,1994,9764.497135522586
104,8,0,7,2,0,1,0.140603316,632.1,2004,9578.567221056677
104,9,0,7,1,0,1,0.140821917,632.35,2006,9375.964727049437
105,5,0,7,1,2,3,0.042086652,306.1,1992,8452.572225245705
105,6,0,7,2,1,1,0.042283454000000005,313.6,2011,5160.194394964087
105,7,0,7,0,1,1,0.042377219,309.35,2009,5153.683710833925
106,2,1,14,1,1,1,0.10971346400000001,103.28,2014,1710.1755676701227
106,4,1,14,2,0,0,0.191013663,105.28,1992,344.9555062102836
106,5,1,14,1,2,3,0.10856806699999999,107.28,1992,5498.622828588354
106,6,1,14,2,1,1,0.10907574199999999,107.28,2011,1706.3666883111405
106,8,1,14,2,0,1,0.109096371,111.53,2004,1718.3354076030207
106,9,1,14,1,0,1,0.109265987,105.78,2006,1707.8011969361403
107,5,1,14,1,2,3,0.112119359,307.6,1992,7811.0371746383835
107,7,1,14,0,1,1,0.112893431,308.35,2009,4903.71430508072
108,5,0,14,1,2,3,0.0,302.61,1992,9501.308132037053
108,7,0,14,0,1,1,0.0,304.11,2009,5517.073914092613
109,2,1,3,1,1,1,0.05468583900000001,150.73,2014,1928.3680035816537
109,3,1,3,1,2,2,0.054599767,148.73,2016,1774.5609175650552
109,5,1,3,1,2,3,0.054114924,146.23,1992,6169.551645822072
109,6,1,3,2,1,1,0.054367970999999994,146.48,2011,1759.0279028376005
109,7,1,3,0,1,1,0.054488534000000005,143.98,2009,1804.581334287291
109,8,1,3,2,0,1,0.054378253,147.98,2004,1763.333352248767
110,1,1,5,0,2,1,0.066674465,647.99,1994,11496.11753608152
110,3,1,5,1,2,2,0.067001825,647.99,2016,11032.186661141195
110,6,1,5,2,1,1,0.066717378,652.24,2011,11037.168460202407
110,8,1,5,2,0,1,0.066729996,643.24,2004,10961.194032226735
110,9,1,5,1,0,1,0.066833743,643.24,2006,10914.106364773532
111,5,1,6,1,2,3,0.030794774,307.27,1992,8673.780829405954
111,6,1,6,2,1,1,0.030938774,302.52,2011,5287.792629998068
111,7,1,6,0,1,1,0.031007381,308.52,2009,5175.556258066314
112,5,0,13,1,2,3,0.141129263,304.02,1992,7170.474857446538
112,6,0,13,2,1,1,0.141789197,304.77,2011,5111.505467988752
113,2,0,0,1,1,1,0.043483398,235.86,2014,3852.00844301959
113,3,0,0,1,2,2,0.043414959,232.86,2016,3756.6247275188466
113,5,0,0,1,2,3,0.043029436,236.86,1992,7052.662981931546
113,7,2,0,0,1,1,0.043326511,239.11,2009,3826.826401029454
114,2,0,3,1,1,1,0.078999287,96.63,2014,1616.4550280846008
114,3,0,3,1,2,2,0.078874948,93.63,2016,1610.1944561702892
114,4,0,3,2,0,0,0.137539574,97.13,1992,239.70070522209656
114,5,0,3,1,2,3,0.078174543,99.88,1992,5904.72743438574
114,6,0,3,2,1,1,0.078540095,90.88,2011,1624.1007157603124
114,7,0,3,0,1,1,0.07871426,93.13,2009,1613.0782828745378
114,9,0,3,1,0,1,0.07867708,94.63,2006,1611.4498604756723
115,0,0,4,2,2,0,0.026818196000000002,622.27,2005,1382.868569155566
115,1,0,4,0,2,1,0.016009057,626.52,1994,12049.438928539957
115,3,0,4,1,2,2,0.016087659,624.02,2016,11995.543341804907
115,9,0,4,1,0,1,0.016047301,624.52,2006,11883.483715930352
116,3,0,5,1,2,2,0.03408026,552.11,2016,9388.502779009355
116,8,0,5,2,0,1,0.0,548.61,2004,10091.882760863778
117,1,0,6,0,2,1,0.06656564400000001,463.31,1994,7851.349827311832
118,1,0,13,0,2,1,0.035930784,461.23,1994,8019.1556359523875
119,2,2,0,1,1,1,0.047453947,254.25,2014,4312.526106989908
119,5,0,0,1,2,3,0.046958533,253.25,1992,7245.110631312947
119,6,0,0,2,1,1,0.047178116,248.5,2011,4117.540616992616
120,2,1,3,1,1,1,0.068511103,259.25,2014,4125.650860162556
120,3,1,3,1,2,2,0.068403271,255.0,2016,3965.910490478075
120,6,1,3,2,1,1,0.068112874,261.5,2011,4100.235369190719
120,7,1,3,0,1,1,0.068263916,262.0,2009,4211.905730125308
121,1,1,4,0,2,1,0.07385892299999999,546.62,1994,9514.722836535375
121,3,1,4,1,2,2,0.0,550.37,2016,10350.521997500031
122,3,1,4,1,2,2,0.0,641.92,2016,10151.780140901956
122,8,1,4,2,0,1,0.030927632000000004,642.17,2004,9195.817614043353
122,9,1,4,1,0,1,0.030975716,634.92,2006,9247.216575436723
123,5,1,5,1,2,3,0.047570401,314.34,1992,8857.339826759517
124,0,0,6,2,2,0,0.050371507999999995,536.8,2005,1132.8366455604075
124,3,0,6,1,2,2,0.030216782999999997,541.55,2016,8894.084169997594
124,8,0,6,2,0,1,0.030094192000000002,539.3,2004,9052.947390552412
125,1,0,15,0,2,1,0.01484819,430.27,1994,8549.80046817954
126,5,1,0,1,2,3,0.05357685,305.52,1992,8646.254461941755
127,1,0,0,0,2,1,0.005661669,466.48,1994,7266.027539462254
128,6,1,3,2,1,1,0.055216312000000004,313.76,2011,4944.875474546548
129,1,0,4,0,2,1,0.025458716,603.13,1994,10301.500603794704
129,3,0,4,1,2,2,0.025583714,597.88,2016,9678.949249311469
129,9,0,4,1,0,1,0.025519534,596.88,2006,9838.43601956007
130,2,0,10,1,1,1,0.012789884,97.96,2014,1714.1278535146846
130,3,0,10,1,2,2,0.012769753,99.96,2016,1731.1716144923935
130,5,2,10,1,2,3,0.012656358999999999,94.71,1992,6447.456842307608
130,6,2,10,2,1,1,0.0,100.71,2011,1755.2984574741984
130,8,0,10,2,0,1,0.012717946,100.71,2004,1739.6263596050587
130,9,0,10,1,0,1,0.012737719,96.46,2006,1693.0419715991648
131,2,1,5,1,1,1,0.09983272800000001,218.71,2014,3624.9191286322744
131,6,1,5,2,1,1,0.09925243800000001,218.71,2011,3636.5699124249386
131,8,1,5,2,0,1,0.099271209,221.46,2004,3670.307741421151
131,9,1,5,1,0,1,0.09942555,217.71,2006,3613.728018857019
132,0,0,6,2,2,0,0.108253944,487.2,2005,1183.8809276495333
132,1,0,6,0,2,1,0.064621927,491.7,1994,7954.3262874272505
133,2,0,6,1,1,1,0.053523765,138.48,2014,1851.2752588325445
133,3,2,6,1,2,2,0.053439522,137.73,2016,1886.3181259904202
133,5,0,6,1,2,3,0.052964982,144.48,1992,6184.722134622682
133,6,0,6,2,1,1,0.053212652,144.73,2011,1861.7528483116369
133,7,0,6,0,1,1,0.053330653,141.98,2009,1836.3445827875753
133,9,0,6,1,0,1,0.053305463,145.48,2006,1833.0099982414192
134,1,0,13,0,2,1,0.155250377,439.34,1994,7211.549710441158
135,1,0,13,0,2,1,0.11753756300000001,488.53,1994,8180.7272920723935
136,8,0,0,2,0,1,0.11487406,553.53,2004,9564.597329937165
137,4,0,3,2,0,0,0.11366962900000001,222.55,1992,349.7794143244393
137,5,0,3,1,2,3,0.064607378,218.55,1992,6841.061548750763
137,6,0,3,2,1,1,0.064909488,221.3,2011,3551.6900610485677
137,8,0,3,2,0,1,0.064921764,220.3,2004,3569.8718525818053
137,9,2,3,1,0,1,0.0650227,217.55,2006,3399.8327856445057
138,2,0,4,1,1,1,0.087668236,237.35,2014,3737.6887086907163
138,4,0,4,2,0,0,0.152632413,246.1,1992,437.4282760216878
138,5,0,4,1,2,3,0.086752988,245.35,1992,6851.65199990003
138,6,0,4,2,1,1,0.087158654,237.85,2011,3713.7492870250267
139,5,1,4,1,2,3,0.16388212900000002,283.13,1992,8485.701100041157
140,1,1,5,0,2,1,0.128315409,445.34,1994,6836.180709981392
141,1,1,6,0,2,1,0.056941603,556.27,1994,9907.196198762203
141,3,1,6,1,2,2,0.057221177000000005,563.52,2016,9120.974570926253
142,5,0,6,1,2,3,0.008722342,308.85,1992,9120.772816795583
142,7,0,6,0,1,1,0.008782561,299.6,2009,5490.327391655384
143,5,2,13,1,2,3,0.039451625,98.87,1992,5742.551088786868
143,7,0,13,0,1,1,0.039723998999999996,102.62,2009,1682.93150781219
144,1,0,13,0,2,1,0.10366489699999999,584.23,1994,10064.153421216773
144,8,0,13,2,0,1,0.103751236,589.73,2004,9821.013134699835
145,1,1,3,0,2,1,0.029140008,440.84,1994,7283.5028406047195
146,1,1,4,0,2,1,0.156701315,601.88,1994,10169.821835659815
146,3,1,4,1,2,2,0.157470693,597.88,2016,9115.368907716434
146,8,1,4,2,0,1,0.156831826,602.63,2004,9831.565201030777
146,9,1,4,1,0,1,0.157075658,601.38,2006,9657.397707428408
147,2,1,4,1,1,1,0.06358394,223.71,2014,3546.9665077306736
147,4,1,4,2,0,0,0.1107011,221.71,1992,375.32804037616995
147,5,1,4,1,2,3,0.06292013,222.46,1992,7051.091512775909
147,6,1,4,2,1,1,0.06321435,220.96,2011,3501.1845674807614
147,7,1,4,0,1,1,0.06335453099999999,222.46,2009,3562.309265189546
147,8,1,4,2,0,1,0.063226306,219.96,2004,3496.4626641650157
148,8,0,5,2,0,1,0.083198341,615.19,2004,9736.25484299036
148,9,0,5,1,0,1,0.083327693,618.19,2006,9393.135741247923
149,3,0,13,1,2,2,0.0674819,587.15,2016,9294.593193441226
149,9,0,13,1,0,1,0.067312613,585.9,2006,9567.260157352783
150,1,2,15,0,2,1,0.060797393,559.6,1994,10280.046716840572
151,6,1,0,2,1,1,0.105287746,258.16,2011,4144.314812395067
152,3,1,3,1,2,2,0.10314237300000001,236.53,2016,3818.652969183739
152,4,1,3,2,0,0,0.0,230.78,1992,361.64182147889727
152,5,1,3,1,2,3,0.102226474,228.28,1992,7415.1742082309365
152,6,1,3,2,1,1,0.102704495,235.78,2011,3807.85288193376
152,7,1,3,0,1,1,0.10293224599999999,233.03,2009,3796.7610823269983
153,0,0,4,2,2,0,0.228993134,658.64,2005,1404.2345763124576
153,1,0,4,0,2,1,0.136696892,661.39,1994,9260.917578779849
153,3,0,4,1,2,2,0.137368051,660.89,2016,8326.612447218704
153,6,0,4,2,1,1,0.136784873,663.14,2011,8432.99297894982
153,8,0,4,2,0,1,0.13681074199999999,657.64,2004,8940.178666542804
153,9,0,4,1,0,1,0.137023446,659.39,2006,8721.29494853577
154,6,0,4,2,1,1,0.044917289000000006,221.3,2011,3453.917543646906
154,7,0,4,0,1,1,0.045016894,219.05,2009,3438.6959837827008
154,8,0,4,2,0,1,0.044925784,215.05,2004,3492.6836650568816
154,9,0,4,1,0,1,0.044995630999999994,223.05,2006,3533.785506032236
155,0,0,5,2,2,0,0.061381589,449.99,2005,1047.2177919289406
155,1,0,5,0,2,1,0.036641589,451.99,1994,7377.857874233395
156,2,0,6,1,1,1,0.052274691,198.0,2014,3072.141663553717
156,6,2,6,2,1,1,0.051970838,199.5,2011,3073.3278131394295
156,7,0,6,0,1,1,0.052086085,192.25,2009,3243.352508143112
156,9,0,6,1,0,1,0.052061483,192.0,2006,2992.0099716506024
157,3,0,6,1,2,2,0.149125615,604.21,2016,8696.311418448351
158,1,1,15,0,2,1,0.005583951,567.27,1994,11086.842931509887
158,3,1,15,1,2,2,0.005611367,565.52,2016,10309.288672187498
159,2,1,3,1,1,1,0.031444357,134.41,2014,1868.123953920835
159,5,1,3,1,2,3,0.031116081,138.16,1992,6150.483646746264
159,6,1,3,2,1,1,0.031261582999999996,131.41,2011,1917.5086548964632
159,7,1,3,0,1,1,0.031330907000000005,130.91,2009,1915.5469675328266
159,8,1,3,2,0,1,0.031267496,128.66,2004,1921.1836575777095
160,0,0,4,2,2,0,0.092711708,494.44,2005,1253.043330011254
160,8,0,4,2,0,1,0.055390120999999994,488.19,2004,8164.82785049204
161,0,0,4,2,2,0,0.156307983,490.86,2005,1410.3734779942488
161,1,0,4,0,2,1,0.09330766800000001,489.86,1994,8061.475792955659
162,6,1,5,2,1,1,0.052401765999999995,287.79,2011,4899.618139404588
162,7,1,5,0,1,1,0.052517969000000005,288.54,2009,4821.016948185328
163,2,0,6,1,1,1,0.023585598,236.94,2014,3639.357997524194
163,3,0,6,1,2,2,0.023548476000000002,233.44,2016,3401.810819817888
163,4,0,6,2,0,0,0.041063069,233.94,1992,360.0657420956109
163,5,0,6,1,2,3,0.023339367000000003,237.19,1992,6942.07394245745
163,6,0,6,2,1,1,0.023448504,234.94,2011,3540.2395293061686
164,2,0,13,1,1,1,0.026760329,215.05,2014,3506.462238096916
164,3,0,13,1,2,2,0.02671821,213.05,2016,3508.3985356550143
164,5,0,13,1,2,3,0.026480953999999998,219.05,1992,6485.716442010718
164,6,0,13,2,1,1,0.026604781,215.55,2011,3495.9013378364293
164,7,0,13,0,1,1,0.026663778,217.55,2009,3505.9551293974096
164,9,0,13,1,0,1,0.026651183999999998,216.55,2006,3484.6265249184744
165,2,1,15,1,1,1,0.06498448700000001,231.45,2014,4178.980019446866
165,3,1,15,1,2,2,0.064882207,234.7,2016,4094.843313031531
165,4,1,15,2,0,0,0.113139486,232.45,1992,398.15595643793563
165,7,1,15,0,1,1,0.064750025,231.7,2009,4232.447943187506
165,8,1,15,2,0,1,0.064618976,224.7,2004,3883.7225263443383
166,5,1,0,1,2,3,0.048292189000000006,332.91,1992,8945.380962112238
167,1,1,0,0,2,1,0.022921735,601.88,1994,10948.311526315287
167,8,1,0,2,0,1,0.022940826,604.63,2004,11294.985184171403
167,9,1,0,1,0,1,0.022976492999999997,600.88,2006,10845.437288332081
168,2,0,4,1,1,1,0.038736837999999996,139.57,2014,1751.6171106295726
168,4,0,4,2,0,0,0.067441726,143.57,1992,395.9866318800918
168,6,2,4,2,1,1,0.038511676,144.32,2011,1763.43857312127
168,7,0,4,0,1,1,0.038597077,144.82,2009,1727.1449058922356
168,9,0,4,1,0,1,0.038578846,140.32,2006,1750.1379381459124
169,3,1,5,1,2,2,0.097709541,121.68,2016,1795.3069327342214
169,4,1,5,2,0,0,0.170382726,113.18,1992,349.0858306790908
169,6,1,5,2,1,1,0.09729472800000001,119.43,2011,1793.3211891764695
169,7,1,5,0,1,1,0.097510482,120.43,2009,1794.4905052875804
169,8,1,5,2,0,1,0.097313129,120.18,2004,1794.4905052875804
170,1,0,6,0,2,1,0.016944719,523.15,1994,9551.94840776541
170,8,0,6,2,0,1,0.016958832,525.15,2004,9381.301989026346
171,4,0,6,2,0,0,0.037345714,266.33,1992,619.1622406809784
171,7,0,6,0,1,1,0.02137305,258.33,2009,3970.5661383444544
172,1,0,13,0,2,1,0.071369947,522.9,1994,9357.10596568469
173,3,1,0,1,2,2,0.030274175,246.35,2016,3679.5194511022664
173,4,1,0,2,0,0,0.052791124,246.35,1992,453.43043276134955
173,7,1,0,0,1,1,0.030212499,245.1,2009,3850.228639038941
174,2,0,3,1,1,1,0.154487495,193.25,2014,3349.106987918624
174,3,0,3,1,2,2,0.154244343,195.0,2016,3300.6445015737045
174,7,0,3,0,1,1,0.153930108,192.0,2009,3232.5187630501887
174,8,2,3,2,0,1,0.15361856599999998,199.25,2004,3329.8420427012325
174,9,0,3,1,0,1,0.153857402,191.0,2006,3176.9300194129055
175,2,2,4,1,1,1,0.038671588,160.71,2014,2056.8955984828663
175,3,0,4,1,2,2,0.038610722,153.71,2016,1794.9308964413049
175,6,0,4,2,1,1,0.038446805,158.96,2011,2046.0111387764307
175,7,0,4,0,1,1,0.038532062,151.46,2009,1818.1336755957475
175,8,0,4,2,0,1,0.038454076000000004,153.96,2004,1799.8542358836344
176,1,0,4,0,2,1,0.030410272999999998,640.17,1994,9445.016683362102
176,3,0,4,1,2,2,0.030559582999999998,643.67,2016,9658.508595409563
176,9,0,4,1,0,1,0.03048292,643.17,2006,9344.488424237243
177,1,1,6,0,2,1,0.074565098,467.14,1994,8023.630557547348
178,1,1,6,0,2,1,0.018789455,555.19,1994,10273.014189938436
178,8,1,6,2,0,1,0.018805105,551.69,2004,9912.766041770128
179,8,0,13,2,0,1,0.015278898999999999,497.52,2004,6964.072669292229
180,0,0,0,2,2,0,0.04774013,487.53,2005,1321.1979239110426
180,1,0,0,0,2,1,0.028498354,489.53,1994,7960.897605578027
181,0,0,3,2,2,0,0.11519471699999999,645.82,2005,1439.6978753926523
181,1,0,3,0,2,1,0.068765205,651.07,1994,11490.517338492431
181,3,0,3,1,2,2,0.06910283099999999,649.82,2016,11229.786824402523
181,8,0,3,2,0,1,0.068822477,645.82,2004,11332.49999173233
182,1,1,4,0,2,1,0.07178670599999999,483.45,1994,8160.365084750545
183,3,0,4,1,2,2,0.045168898,607.46,2016,9111.50218076977
183,9,0,4,1,0,1,0.045055587,605.96,2006,9275.510908527267
184,0,1,6,2,2,0,0.173154079,570.68,2005,1499.4074450940889
184,1,1,6,0,2,1,0.103363904,565.43,1994,10335.24239187515
184,8,1,6,2,0,1,0.103449993,563.68,2004,9794.814242332475
184,9,1,6,1,0,1,0.10361083,570.93,2006,9884.534784909281
185,3,1,6,1,2,2,0.026409147,255.33,2016,3662.9142274676906
185,7,1,6,0,1,1,0.026355345,252.08,2009,3957.028407779345
186,5,1,13,1,2,3,0.07252476,300.77,1992,8300.883580066044
186,6,1,13,2,1,1,0.072863893,296.52,2011,5032.704973632752
187,3,0,15,1,2,2,0.142370445,226.54,2016,3898.6671194350993
187,5,2,15,1,2,3,0.141106202,219.79,1992,6149.263245641102
187,8,2,15,2,0,1,0.141792841,224.29,2004,3797.831564868258
188,2,1,3,1,1,1,0.041482394,100.11,2014,1545.1252063203679
188,3,1,3,1,2,2,0.0,102.61,2016,1766.5585235491483
188,4,1,3,2,0,0,0.072221801,109.11,1992,198.9715427100653
188,5,1,3,1,2,3,0.041049322,103.11,1992,6234.709828476346
188,8,1,3,2,0,1,0.041249072000000005,101.36,2004,1561.6627796227576
188,9,1,3,1,0,1,0.041313203,105.11,2006,1614.6483729579932
189,2,1,4,1,1,1,0.020686161,212.64,2014,3014.1958459873945
189,3,1,4,1,2,2,0.020653603,212.39,2016,2992.087708547579
189,5,1,4,1,2,3,0.0204702,220.64,1992,6671.82579803046
189,6,1,4,2,1,1,0.020565921,215.14,2011,3013.3040174506573
189,7,1,4,0,1,1,0.020611526,212.39,2009,3043.2001138801074
189,8,1,4,2,0,1,0.0,220.64,2004,3311.589543090454
189,9,1,4,1,0,1,0.020601791,215.14,2006,3028.345103928917
190,1,2,5,0,2,1,0.01544786,528.23,1994,10000.190937134668
190,8,0,5,2,0,1,0.015460726000000001,529.73,2004,8956.02943104883
191,2,0,6,1,1,1,0.024107056,141.57,2014,1843.6758916794333
191,3,0,6,1,2,2,0.024069113,140.57,2016,1851.4816193566496
191,4,0,6,2,0,0,0.041970938,138.57,1992,400.8311532630049
191,6,0,6,2,1,1,0.0,142.82,2011,2172.0529064357033
191,7,0,6,0,1,1,0.024020077999999997,143.07,2009,1836.782216472232
191,8,2,6,2,0,1,0.023971463,135.07,2004,1938.9181574812885
192,2,1,6,1,1,1,0.043201813,275.31,2014,4195.076728555563
192,4,1,6,2,0,0,0.075215349,271.06,1992,524.9943439489876
193,1,1,13,0,2,1,0.136314863,487.71,1994,8416.305277028829
194,6,0,3,2,1,1,0.126359196,273.22,2011,3864.8414100995196
195,2,0,5,1,1,1,0.0,272.81,2014,3772.3659170895444
195,4,0,5,2,0,0,0.0,274.81,1992,603.8022170240681
195,5,0,5,1,2,3,0.054720642,269.56,1992,7408.570190081028
195,7,0,5,0,1,1,0.055098434,273.06,2009,4179.288226089292
196,5,1,5,1,2,3,0.024088444,281.79,1992,7424.190076979371
196,6,1,5,2,1,1,0.024201083999999998,281.54,2011,4053.559110955252
197,4,0,6,2,0,0,0.173527068,230.12,1992,376.6918657906329
197,5,0,6,1,2,3,0.09862906199999999,226.62,1992,7179.530894658171
197,6,0,6,2,1,1,0.099090261,235.12,2011,3745.348641605577
197,7,0,6,0,1,1,0.099309997,228.62,2009,3847.9046029982333
198,1,1,6,0,2,1,0.068880971,488.44,1994,8145.031175993373
198,8,1,6,2,0,1,0.06893834,491.19,2004,7989.880380246823
199,0,0,15,2,2,0,0.205605116,519.41,2005,1123.5826344986667
199,1,0,15,0,2,1,0.122735471,513.16,1994,8545.400506824735
199,8,0,15,2,0,1,0.122837694,521.91,2004,10142.851599531023
200,4,0,0,2,0,0,0.057556998,269.23,1992,523.7262561475902
201,1,0,4,0,2,1,0.159062948,522.32,1994,9985.716245245942
202,2,1,4,1,1,1,0.065431917,190.5,2014,2626.353237377527
202,3,1,4,1,2,2,0.065328932,196.25,2016,2919.2190909099927
202,6,1,4,2,1,1,0.065051586,190.5,2011,2626.9387691437714
202,9,1,4,1,0,1,0.06516504599999999,198.5,2006,2941.4716495227813
203,2,0,5,1,1,1,0.117574554,189.17,2014,3021.08350786929
203,4,0,5,2,0,0,0.2047,192.17,1992,423.1803876284691
203,5,0,5,1,2,3,0.11634708699999999,192.17,1992,7185.258380501454
203,8,0,5,2,0,1,0.116913245,195.42,2004,3244.9096913448843
203,9,0,5,1,0,1,0.117095014,195.17,2006,3241.357094358541
204,5,0,6,1,2,3,0.17176107699999998,289.38,1992,8308.349799297255
204,7,0,6,0,1,1,0.172946916,285.38,2009,4991.312321046292
205,0,2,13,2,2,0,0.195068226,463.57,2005,1171.484583986054
205,1,0,13,0,2,1,0.1164455,457.07,1994,8349.317881708488
206,0,0,13,2,2,0,0.19899855,566.42,2005,1209.0024691848882
206,1,0,13,0,2,1,0.118791698,574.92,1994,10603.901583307175
206,3,0,13,1,2,2,0.119374946,573.42,2016,9714.88705850433
207,2,0,0,1,1,1,0.015949001,210.4,2014,3059.3385629666714
207,4,0,0,2,0,0,0.027767577,205.4,1992,483.52153770730786
207,6,0,0,2,1,1,0.015856295,204.15,2011,3484.2933725171756
207,8,0,0,2,0,1,0.015859294,211.4,2004,3126.6298816516746
208,2,0,3,1,1,1,0.13727,236.02,2014,3773.13002883199
208,3,0,3,1,2,2,0.13705394699999998,236.02,2016,3731.6063738466014
208,5,0,3,1,2,3,0.135836915,234.52,1992,7470.989217015777
208,6,0,3,2,1,1,0.0,241.02,2011,3712.6471591155623
208,7,0,3,0,1,1,0.136774734,236.02,2009,3813.033346182113
209,6,1,4,2,1,1,0.009620041999999999,304.18,2011,5713.307047042089
209,7,1,4,0,1,1,0.009641375,310.43,2009,5599.588657619498
210,3,0,5,1,2,2,0.008871687,249.35,2016,3418.6324333363186
210,5,0,5,1,2,3,0.008792906999999999,241.85,1992,7422.675658648291
210,6,0,5,2,1,1,0.008834023,250.1,2011,3687.3704418958077
211,6,0,6,2,1,1,0.12149774199999999,299.36,2011,5019.759929256636
212,1,1,6,0,2,1,0.054549098,484.46,1994,8048.211679306553
213,2,0,13,1,1,1,0.04217956,110.61,2014,1618.2456636210325
213,3,0,13,1,2,2,0.042113173,106.36,2016,1605.0359431070865
213,5,0,13,1,2,3,0.0,114.36,1992,6878.5098215817325
213,6,0,13,2,1,1,0.041934387000000004,111.61,2011,1625.3286098027888
214,2,1,15,1,1,1,0.054937907,160.54,2014,2327.947120289548
214,3,1,15,1,2,2,0.054851437999999995,161.04,2016,2324.836445903583
214,5,1,15,1,2,3,0.05436436,159.54,1992,6357.951400171745
214,6,1,15,2,1,1,0.054618573,163.79,2011,2556.7780182151223
214,7,1,15,0,1,1,0.054739692,164.29,2009,2581.642215361349
214,9,1,15,1,0,1,0.0,159.04,2006,2688.2299403246298
215,2,1,0,1,1,1,0.115119905,220.88,2014,3531.905667180873
215,4,1,0,2,0,0,0.20042639999999998,222.13,1992,397.01814884871214
215,8,1,0,2,0,1,0.11447240300000001,220.88,2004,3562.9642406819007
216,7,0,3,0,1,1,0.050392993,296.03,2009,4893.478850912076
217,1,0,4,0,2,1,0.079739853,582.58,1994,9560.414733441616
217,3,0,4,1,2,2,0.080131363,585.08,2016,8759.142773184987
217,8,0,4,2,0,1,0.079806266,581.33,2004,9123.381542312603
218,5,0,5,1,2,3,0.016531033,306.02,1992,8515.897938844382
218,7,0,5,0,1,1,0.016645164,302.27,2009,5574.096836582204
219,2,0,6,1,1,1,0.03555434,93.63,2014,1479.892154789453
219,3,0,6,1,2,2,0.03549838,91.63,2016,1494.400735089167
219,5,0,6,1,2,3,0.035183156,94.63,1992,6127.945162282675
219,6,0,6,2,1,1,0.035347676,95.13,2011,1461.444166563963
219,9,0,6,1,0,1,0.035409328,90.63,2006,1498.8412893619975
220,1,0,6,0,2,1,0.0,449.99,1994,7098.738138397699
221,0,1,13,2,2,0,0.077029195,443.09,2005,1114.6700256927106
221,1,1,13,0,2,1,0.045982389000000005,442.59,1994,7151.701562593481
222,1,0,15,0,2,1,0.030591255,628.51,1994,9748.502701753197
222,3,2,15,1,2,2,0.0,632.51,2016,9336.3085109574
223,1,0,3,0,2,1,0.169667145,458.82,1994,7986.088633702559
224,4,0,5,2,0,0,0.063649582,186.92,1992,407.6833726586903
224,6,0,5,2,1,1,0.036346223999999996,182.42,2011,2876.7707934737464
224,8,0,5,2,0,1,0.036353098,189.67,2004,2853.5133953475342
225,0,0,5,2,2,0,0.05461082900000001,592.98,2005,1378.1763131739012
225,1,0,5,0,2,1,0.032599801,595.48,1994,9908.888201857731
225,8,2,5,2,0,1,0.032626952,589.98,2004,9409.95600351623
225,9,0,5,1,0,1,0.032677677999999995,597.73,2006,9340.645246015803
226,5,0,6,1,2,3,0.020614212,316.01,1992,8719.733156915552
227,6,1,6,2,1,1,0.030563449,286.04,2011,5119.406357256159
228,0,1,3,2,2,0,0.12077345099999999,466.48,2005,1483.5429576353129
229,2,0,5,1,1,1,0.0,151.48,2014,2358.037109129625
229,5,0,5,1,2,3,0.053038775,148.98,1992,6325.063507105326
229,8,0,5,2,0,1,0.053296868,149.23,2004,1814.2153116263664
229,9,0,5,1,0,1,0.05337973,141.98,2006,1791.5011687443066
230,0,0,5,2,2,0,0.030815427000000003,630.17,2005,1391.0902137062492
230,1,0,5,0,2,1,0.018395194,629.17,1994,11343.985359188942
230,3,0,5,1,2,2,0.018485511,632.92,2016,11007.814267279033
230,8,0,5,2,0,1,0.018410515,630.42,2004,11061.725823445713
230,9,0,5,1,0,1,0.018439138,636.92,2006,10788.63995175264
231,2,1,6,1,1,1,0.041163522,202.07,2014,3666.989320037154
231,3,1,6,1,2,2,0.041098734,202.32,2016,3659.872228866582
232,1,0,6,0,2,1,0.10810260599999999,583.41,1994,9902.065171868768
232,3,0,6,1,2,2,0.10863337199999999,584.66,2016,9025.016557798965
233,5,0,15,1,2,3,0.02573918,301.86,1992,8027.9819668759055
233,6,0,15,2,1,1,0.0,298.11,2011,5111.68451821859
233,7,0,15,0,1,1,0.025916882999999998,300.61,2009,5021.900552529841
234,5,0,0,1,2,3,0.021170542,294.03,1992,8009.4250851128045
235,2,1,3,1,1,1,0.008238064,254.92,2014,3889.108861189992
235,4,1,3,2,0,0,0.014342658999999999,259.42,1992,556.9203137904103
235,5,1,3,1,2,3,0.0,250.92,1992,8155.78482633721
235,6,1,3,2,1,1,0.00819018,259.42,2011,3984.3036866152584
235,7,1,3,0,1,1,0.008208341999999999,257.17,2009,4175.351334622187
236,1,0,4,0,2,1,0.070096518,544.71,1994,8946.175708186047
236,3,0,4,1,2,2,0.07044068,542.21,2016,8487.932440087714
236,8,0,4,2,0,1,0.070154899,545.46,2004,8804.27062319826
237,1,1,4,0,2,1,0.014781046,484.54,1994,7967.868936016497
238,2,1,5,1,1,1,0.08775368199999999,263.33,2014,3979.757826643375
238,5,1,5,1,2,3,0.086837543,265.58,1992,7301.647928884454
238,7,1,5,0,1,1,0.087437069,265.33,2009,4198.087257449609
239,1,1,6,0,2,1,0.0,643.91,1994,11520.394299887803
239,3,1,6,1,2,2,0.078719835,646.41,2016,11631.618882801593
239,8,1,6,2,0,1,0.078400465,647.66,2004,11499.528466374386
239,9,1,6,1,0,1,0.078522357,642.91,2006,11887.061851155213
240,3,0,6,1,2,2,0.116722514,238.61,2016,3648.189780916971
240,6,0,6,2,1,1,0.116226984,239.86,2011,3736.881383843216
240,7,0,6,0,1,1,0.116484721,235.36,2009,3737.132167774435
241,1,1,15,0,2,1,0.142292265,428.36,1994,8012.561807163876
242,7,0,0,0,1,1,0.030219852000000002,286.79,2009,5032.449182514456
243,1,0,3,0,2,1,0.141524348,421.03,1994,6864.093660335666
244,4,0,4,2,0,0,0.210021713,110.69,1992,266.5570241336877
244,5,0,4,1,2,3,0.119371835,113.19,1992,6374.471737512221
244,6,2,4,2,1,1,0.11993002900000001,110.69,2011,1576.351776805756
244,7,0,4,0,1,1,0.0,111.94,2009,1775.5156053227183
244,9,0,4,1,0,1,0.120139206,112.69,2006,1665.2945501529357
245,5,1,4,1,2,3,0.182407266,272.89,1992,7745.129366648625
245,6,1,4,2,1,1,0.18326022100000003,271.39,2011,3944.425890089816
246,2,0,5,1,1,1,0.044472637,108.36,2014,1597.1521081913904
246,4,0,5,2,0,0,0.077427883,104.61,1992,192.80343403016872
246,5,0,5,1,2,3,0.044008347,109.36,1992,6197.59766796722
246,9,0,5,1,0,1,0.044291251,108.36,2006,1597.1521081913904
247,2,0,6,1,1,1,0.022526293,237.52,2014,3611.3121698436685
247,5,0,6,1,2,3,0.022291121,234.02,1992,6989.632966763673
247,6,0,6,2,1,1,0.022395357,241.27,2011,3624.6764258420208
248,3,0,13,1,2,2,0.059594017,249.18,2016,4109.4340999246015
248,4,0,13,2,0,0,0.103918113,251.68,1992,606.9741346143139
248,6,0,13,2,1,1,0.059341019,249.43,2011,4125.8751195593395
248,7,2,13,0,1,1,0.059472609,246.93,2009,4311.907212065527
249,2,1,15,1,1,1,0.066555152,202.24,2014,3858.169502217748
249,5,1,15,1,2,3,0.065860323,204.74,1992,7163.628658406544
249,7,1,15,0,1,1,0.066315023,195.74,2009,3228.9733401525777
249,8,1,15,2,0,1,0.0,195.74,2004,3600.902455626043
250,2,0,3,1,1,1,0.121936216,236.19,2014,3725.661205904547
250,4,0,3,2,0,0,0.212293753,230.69,1992,451.25886557011535
250,5,0,3,1,2,3,0.120663214,239.19,1992,7374.5802569196585
251,0,1,5,2,2,0,0.030166923999999998,449.42,2005,1068.956724163473
251,1,1,5,0,2,1,0.018008071,451.17,1994,7109.288824603266
252,4,0,6,2,0,0,0.037824735,274.31,1992,732.4592871174555
252,5,0,6,1,2,3,0.021498767999999998,278.81,1992,7218.614055420046
252,7,0,6,0,1,1,0.021647195,273.81,2009,3986.8469265194813
253,5,1,13,1,2,3,0.08951254199999999,332.91,1992,8381.146401479673
254,0,1,15,2,2,0,0.226122963,464.48,2005,1447.4669411278078
254,1,1,15,0,2,1,0.13498355,461.23,1994,8844.007140997212
255,3,1,3,1,2,2,0.031573246,248.68,2016,3956.7742424772127
255,6,1,3,2,1,1,0.031439206000000004,250.18,2011,4062.3143482304185
255,7,1,3,0,1,1,0.031508924,246.93,2009,4168.476126109899
256,0,0,5,2,2,0,0.044093978,520.99,2005,1388.1508186232659
257,1,1,6,0,2,1,0.005525913,420.7,1994,7052.367777240923
258,5,0,6,1,2,3,0.0,288.37,1992,8830.9604353413
258,7,0,6,0,1,1,0.02299122,287.37,2009,5030.946067175775
259,2,1,15,1,1,1,0.053481818,119.52,2014,1735.2466889045056
259,3,1,15,1,2,2,0.053397642,116.77,2016,1730.3445190281811
259,6,1,15,2,1,1,0.053170949,114.02,2011,1727.3764512949301
259,7,1,15,0,1,1,0.053288857,118.27,2009,1731.4559915004038
259,8,1,15,2,0,1,0.0,115.02,2004,1951.2767212317785
260,0,1,5,2,2,0,0.221856492,579.67,2005,1390.7765496543884
260,1,1,5,0,2,1,0.0,578.42,1994,10392.61500585289
260,9,1,5,1,0,1,0.0,571.17,2006,9539.549173659954
261,3,2,5,1,2,2,0.143712172,150.72,2016,2162.899591622977
261,5,0,5,1,2,3,0.142436015,155.97,1992,6311.084010186365
261,7,0,5,0,1,1,0.143419394,153.72,2009,2175.335708891735
261,8,2,5,2,0,1,0.143129124,147.22,2004,1867.783082732044
261,9,0,5,1,0,1,0.143351652,155.22,2006,2134.460827482063
262,2,0,6,1,1,1,0.04903471,99.88,2014,1507.6365930015022
262,3,0,6,1,2,2,0.048957533,94.63,2016,1454.4952517030015
262,5,0,6,1,2,3,0.048522793,99.13,1992,6104.624243406855
262,6,0,6,2,1,1,0.04874969,93.88,2011,1451.8552492648828
262,8,0,6,2,0,1,0.04875891,93.38,2004,1454.1058261592655
263,2,1,6,1,1,1,0.049916364000000005,200.66,2014,3605.3543658187964
263,4,1,6,2,0,0,0.08690553599999999,197.16,1992,391.320772173323
263,5,1,6,1,2,3,0.049395242,200.91,1992,7340.238050527204
263,7,1,6,0,1,1,0.049736267,192.16,2009,3499.3876924002266
263,9,1,6,1,0,1,0.049712775,195.66,2006,3308.069520844671
264,0,0,13,2,2,0,0.18058808199999998,455.66,2005,1183.1825716888743
265,5,1,15,1,2,3,0.0,149.73,1992,7183.692618852251
265,7,1,15,0,1,1,0.043989429000000004,150.73,2009,1981.4595888500037
265,9,1,15,1,0,1,0.043968652000000004,144.23,2006,1825.2311015478501
266,6,0,4,2,1,1,0.036127671,293.7,2011,4962.54516169032
266,7,0,4,0,1,1,0.036207786,302.7,2009,5181.615814574137
267,2,1,4,1,1,1,0.09970455800000001,157.8,2014,2429.9024599884556
267,3,1,4,1,2,2,0.0,156.05,2016,2245.613535551995
267,4,1,4,2,0,0,0.173587926,150.05,1992,401.63180736473305
267,5,1,4,1,2,3,0.09866365199999999,157.3,1992,6471.4113615740025
267,7,1,4,0,1,1,0.099344826,159.05,2009,2406.670641113099
268,2,1,5,1,1,1,0.064376263,207.89,2014,4064.211427823014
268,4,1,5,2,0,0,0.0,209.39,1992,386.98375999702483
268,6,1,5,2,1,1,0.064002068,213.89,2011,3683.600678465969
268,7,1,5,0,1,1,0.064143995,214.89,2009,3652.824916211809
268,8,1,5,2,0,1,0.064014173,208.39,2004,4091.4286245909284
268,9,1,5,1,0,1,0.064113698,216.39,2006,3627.8878143626785
269,2,0,6,1,1,1,0.172357491,127.17,2014,1854.7884927212112
269,6,0,6,2,1,1,0.171355643,119.17,2011,1674.4642058978054
269,7,0,6,0,1,1,0.0,124.42,2009,1981.3648300379266
269,8,0,6,2,0,1,0.17138805,126.92,2004,1798.6306143756701
270,1,0,6,0,2,1,0.040323731,450.0,1994,7150.077511141085
271,2,1,4,1,1,1,0.09701298900000001,107.27,2014,1578.3754808421304
271,4,1,4,2,0,0,0.168901843,108.52,1992,361.1871810177782
271,5,1,4,1,2,3,0.096000183,109.27,1992,6119.55039266994
271,6,1,4,2,1,1,0.09644909,109.52,2011,1574.4153466000948
271,8,1,4,2,0,1,0.09646733,107.02,2004,1578.2455003791672
272,5,1,4,1,2,3,0.02974207,222.38,1992,6887.391258257523
273,2,0,5,1,1,1,0.027032204,265.82,2014,3865.0051135685753
273,5,2,5,1,2,3,0.026749991,267.32,1992,7146.315236886539
273,7,0,5,0,1,1,0.026934673,265.32,2009,4037.8859497667645
274,2,1,6,1,1,1,0.16009590099999998,153.8,2014,2226.879767055519
274,4,1,6,2,0,0,0.278730642,158.05,1992,384.2497092439843
274,5,1,6,1,2,3,0.158424516,156.05,1992,6901.491999711995
274,6,1,6,2,1,1,0.159165324,158.55,2011,2524.539851238319
275,5,0,6,1,2,3,0.036109413,351.54,1992,9238.500938526193
276,5,0,13,1,2,3,0.0,299.53,1992,9241.523157249501
277,2,0,15,1,1,1,0.062640143,91.63,2014,1512.4282793911032
277,3,0,15,1,2,2,0.062541552,85.88,2016,1431.1068009386354
277,6,0,15,2,1,1,0.06227604,94.88,2011,1482.1804407257519
277,9,0,15,1,0,1,0.062384659,86.63,2006,1432.3309761790877
278,2,0,3,1,1,1,0.104058452,256.25,2014,3971.7388497590814
278,3,0,3,1,2,2,0.103894671,253.25,2016,3916.8732866093014
279,1,0,5,0,2,1,0.0,645.83,1994,11372.260273313026
279,3,2,5,1,2,2,0.013692598,649.33,2016,10286.842179526346
279,8,0,5,2,0,1,0.013637046000000002,646.33,2004,10540.355420951599
279,9,2,5,1,0,1,0.013658248000000001,640.83,2006,9894.387699342662
280,1,0,5,0,2,1,0.026848529,662.23,1994,10638.362312459358
280,3,0,5,1,2,2,0.026980351,656.48,2016,10249.504459726382
280,6,0,5,2,1,1,0.026865808999999997,654.23,2011,10748.36695250569
280,7,0,5,0,1,1,0.026925385,660.98,2009,10357.461830738564
280,8,0,5,2,0,1,0.02687089,661.23,2004,10417.348496016239
280,9,0,5,1,0,1,0.026912667,653.23,2006,10703.930153465257
281,3,1,6,1,2,2,0.0,224.71,2016,3475.209851514479
281,6,1,6,2,1,1,0.06519522900000001,222.46,2011,3705.0817034851375
281,7,1,6,0,1,1,0.065339802,222.96,2009,3716.225519995698
281,8,1,6,2,0,1,0.065207559,224.71,2004,3756.563988172848
282,3,0,6,1,2,2,0.012198395,93.71,2016,1565.9184933565364
282,5,0,6,1,2,3,0.012090074,95.71,1992,6310.251064606458
282,6,0,6,2,1,1,0.012146608,94.96,2011,1552.8950244642997
282,7,0,6,0,1,1,0.012173543,91.21,2009,1590.2510813243857
282,9,0,6,1,0,1,0.012167793,93.71,2006,1572.1611021463357
283,3,1,15,1,2,2,0.017703043999999998,598.63,2016,9658.677127924071
283,9,1,15,1,0,1,0.017658634,600.38,2006,9942.150331728935
284,0,0,6,2,2,0,0.055603753,489.19,2005,1224.564507953703
284,1,0,6,0,2,1,0.033192524,497.69,1994,8085.889046852585
284,8,0,6,2,0,1,0.033220169,491.69,2004,7936.836671055224
285,0,1,6,2,2,0,0.09846497900000001,471.63,2005,1323.3873438525181
285,1,1,6,0,2,1,0.05877842900000001,469.63,1994,8039.425965098573
286,0,0,13,2,2,0,0.09512291,530.8,2005,1200.9876738702226
286,1,0,13,0,2,1,0.056783389000000004,536.3,1994,8973.129444053304
286,8,0,13,2,0,1,0.056830682,535.05,2004,8850.241597553868
287,2,1,0,1,1,1,0.025513973,209.48,2014,3250.021434730169
287,3,1,0,1,2,2,0.025473816,207.98,2016,3566.0211253410152
287,5,1,0,1,2,3,0.02524761,204.98,1992,7057.1252477433945
287,6,1,0,2,1,1,0.02536567,206.98,2011,3526.61551131301
287,9,1,0,1,0,1,0.025409912000000003,208.23,2006,3582.8124358784526
288,5,1,5,1,2,3,0.037681359,312.76,1992,8889.42532173332
289,5,1,5,1,2,3,0.019837655,320.33,1992,8998.035202841409
290,0,0,6,2,2,0,0.113953562,495.61,2005,1286.050930865471
290,1,0,6,0,2,1,0.06802430000000001,491.11,1994,7972.861509143184
290,8,0,6,2,0,1,0.0,496.36,2004,6730.74012212954
291,5,0,12,1,2,3,0.0,273.65,1992,7740.078151172398
291,6,2,12,2,1,1,0.021531416,271.15,2011,4028.0780068337194
291,7,0,12,0,1,1,0.021579162000000002,264.9,2009,4028.6766630658535
292,0,1,13,2,2,0,0.02346559,494.02,2005,1144.2836644063582
293,2,0,15,1,1,1,0.154860353,265.48,2014,3907.5327581071565
293,6,0,15,2,1,1,0.15396020900000001,264.98,2011,3892.794297788903
293,7,0,15,0,1,1,0.154301621,264.98,2009,4098.648284071746
294,8,1,3,2,0,1,0.026358005,99.03,2004,1570.8801755839197
295,1,1,4,0,2,1,0.019495051,653.23,1994,11903.461236874906
295,3,1,4,1,2,2,0.019590768999999997,653.98,2016,11110.647843765433
295,7,1,4,0,1,1,0.019550858,659.48,2009,11135.543973565924
295,8,1,4,2,0,1,0.019511288,656.48,2004,11389.356450944873
296,3,0,5,1,2,2,0.131714183,614.62,2016,8680.71414498746
296,8,0,5,2,0,1,0.13117981199999998,613.12,2004,9325.431757669194
296,9,0,5,1,0,1,0.131383762,615.12,2006,9096.74606328409
297,5,1,6,1,2,3,0.059438787,327.49,1992,9145.367730823862
298,2,1,6,1,1,1,0.012273747,150.23,2014,2374.6758763393195
298,3,1,6,1,2,2,0.012254428999999999,149.98,2016,2356.8597751642515
298,7,1,6,0,1,1,0.012229463999999999,142.23,2009,2213.1899645265025
298,9,1,6,1,0,1,0.012223686999999999,142.98,2006,2209.51197909408
299,5,0,13,1,2,3,0.093217569,291.96,1992,7277.613952281707
299,6,0,13,2,1,1,0.093653464,283.46,2011,4731.235956593584
299,7,0,13,0,1,1,0.09386114400000001,288.96,2009,4665.795724685539
300,1,0,15,0,2,1,0.09753699800000001,563.44,1994,9740.02707763414
300,8,0,15,2,0,1,0.097618234,559.94,2004,9294.610431962163
301,0,0,5,2,2,0,0.11178154,455.82,2005,1108.2997403478569
301,1,0,5,0,2,1,0.066727717,454.07,1994,7519.993923288685
302,1,1,5,0,2,1,0.083536989,450.83,1994,7080.438513729644
303,0,1,6,2,2,0,0.199955274,455.99,2005,1189.7078133348805
303,1,1,6,0,2,1,0.119362812,450.99,1994,7094.122060064758
304,5,0,13,1,2,3,0.009534758,161.38,1992,6965.515684731147
304,8,0,13,2,0,1,0.009581155,162.38,2004,2843.107330784201
305,1,1,6,0,2,1,0.165221717,430.19,1994,7168.197238756958
306,0,1,6,2,2,0,0.080235512,472.39,2005,1399.159586137747
306,1,1,6,0,2,1,0.047896392999999995,464.64,1994,8039.176146649905
307,3,1,13,1,2,2,0.01098386,138.65,2016,2246.136956672437
307,4,1,13,2,0,0,0.019153299,144.15,1992,258.6926415794395
307,5,1,13,1,2,3,0.010886324,143.15,1992,7092.967798766874
307,6,1,13,2,1,1,0.010937229,139.65,2011,2247.723315808181
307,7,1,13,0,1,1,0.010961483000000001,145.65,2009,2220.010395245133
308,5,1,0,1,2,3,0.006295472,306.02,1992,9523.297383058498
308,7,1,0,0,1,1,0.0,303.27,2009,5507.612064268014
309,1,0,5,0,2,1,0.089742065,534.3,1994,9258.287606170075
309,8,0,5,2,0,1,0.08981680800000001,543.3,2004,8898.72996747655
310,3,1,5,1,2,2,0.03598621,610.37,2016,9451.427509028306
310,9,1,5,1,0,1,0.035895934,611.12,2006,9741.613397150775
311,0,1,6,2,2,0,0.21037580600000003,445.51,2005,1195.2782937989098
312,2,1,13,1,1,1,0.041615224,93.05,2014,1667.411925565839
312,5,1,13,1,2,3,0.041180766,94.8,1992,5985.033254335995
312,6,1,13,2,1,1,0.041373331,95.3,2011,1644.783163357856
312,8,1,13,2,0,1,0.041381156,87.55,2004,1611.224856690015
313,2,2,0,1,1,1,0.014713908999999999,207.81,2014,3343.9646681491367
313,3,0,0,1,2,2,0.01469075,211.81,2016,3095.2742701726506
313,5,0,0,1,2,3,0.014560297,203.56,1992,6978.643031475294
313,6,0,0,2,1,1,0.014628381999999999,205.81,2011,3504.6516260526823
313,7,0,0,0,1,1,0.014660821000000001,212.81,2009,3174.605782538021
313,8,0,0,2,0,1,0.014631149,211.31,2004,3247.4424117566637
313,9,0,0,1,0,1,0.014653896000000001,206.06,2006,3524.648716167647
314,1,0,3,0,2,1,0.042614360999999996,638.33,1994,11178.32923082838
314,3,0,3,1,2,2,0.04282359,636.08,2016,10020.814935750763
314,9,0,3,1,0,1,0.042716162,644.58,2006,11409.58257957021
315,8,1,5,2,0,1,0.049280292,614.04,2004,9584.481451666627
316,2,0,5,1,1,1,0.05661033,104.36,2014,1780.2677518542266
316,5,0,5,1,2,3,0.056019324,100.11,1992,6278.937162164755
316,6,0,5,2,1,1,0.056281276,100.86,2011,1692.2746052607047
316,8,0,5,2,0,1,0.05629192,106.36,2004,1783.3337289931153
316,9,0,5,1,0,1,0.056379439,106.86,2006,1783.3337289931153
317,4,0,10,2,0,0,0.066351687,162.71,1992,483.126907848556
317,5,0,10,1,2,3,0.037712875,161.21,1992,6394.790853959499
317,6,0,10,2,1,1,0.037889224,161.96,2011,2166.0171084621843
317,9,0,10,1,0,1,0.037955309,157.21,2006,1815.2514356356512
318,1,0,6,0,2,1,0.175849067,555.19,1994,9761.862624900381
318,8,2,6,2,0,1,0.175995526,560.19,2004,9413.472638573596
319,1,1,12,0,2,1,0.140123575,430.19,1994,7450.825674007876
320,2,1,13,1,1,1,0.037782943,266.56,2014,4411.849309903843
320,5,1,13,1,2,3,0.037388492999999995,269.56,1992,7322.217118699138
320,6,1,13,2,1,1,0.037563325,273.81,2011,4318.866047661372
320,7,1,13,0,1,1,0.037646623,268.81,2009,4517.27886610851
321,2,1,3,1,1,1,0.053027397999999996,215.06,2014,3723.8337437051114
321,3,1,3,1,2,2,0.0,212.31,2016,3339.156606021366
321,5,1,3,1,2,3,0.052473797,209.06,1992,7417.605045052665
321,7,1,3,0,1,1,0.052836075999999996,216.56,2009,3704.3730883781454
321,8,1,3,2,0,1,0.05272914,216.06,2004,3741.457088907438
321,9,1,3,1,0,1,0.05281112,216.56,2006,3695.261099855403
322,2,0,5,1,1,1,0.040049609,86.14,2014,1587.0781481845502
322,5,0,5,1,2,3,0.039631495,79.89,1992,6166.636611277681
322,8,0,5,2,0,1,0.039824346000000004,82.14,2004,1577.3981262030763
323,2,1,5,1,1,1,0.076995176,280.06,2014,3918.340292319276
323,6,1,5,2,1,1,0.076547632,273.81,2011,4120.15845011505
324,3,0,6,1,2,2,0.102607233,135.07,2016,2138.741789126039
324,4,0,6,2,0,0,0.178923163,139.32,1992,471.9301719064409
324,5,0,6,1,2,3,0.0,139.32,1992,7181.421667722297
324,6,0,6,2,1,1,0.10217162699999999,134.57,2011,2144.7322906274676
324,8,0,6,2,0,1,0.0,135.32,2004,2347.1604098305024
324,9,0,6,1,0,1,0.10234983,137.57,2006,2104.7442359905895
325,0,0,6,2,2,0,0.214306131,534.98,2005,1348.7921534076772
325,1,0,6,0,2,1,0.127929521,528.73,1994,10201.820609729379
326,5,1,13,1,2,3,0.032750291,280.38,1992,7447.659561758179
326,7,1,13,0,1,1,0.032976398999999997,286.63,2009,5104.550719685214
327,0,0,15,2,2,0,0.116527666,653.56,2005,1572.6796707797046
327,1,0,15,0,2,1,0.069560905,657.56,1994,9726.019674886613
327,3,0,15,1,2,2,0.069902438,653.31,2016,9941.151308618917
327,6,0,15,2,1,1,0.06960567599999999,654.81,2011,9610.026291354472
327,8,0,15,2,0,1,0.06961884,650.81,2004,10171.682449239317
328,2,0,3,1,1,1,0.015358176000000001,231.04,2014,3325.506374386327
328,3,0,3,1,2,2,0.015334003,231.79,2016,3231.157159971241
328,7,0,3,0,1,1,0.015302763999999998,224.79,2009,3087.011042559959
328,8,0,3,2,0,1,0.015271793,224.79,2004,3136.659035581882
329,3,0,5,1,2,2,0.065898197,115.35,2016,1942.3938781209101
329,5,0,5,1,2,3,0.065313024,117.85,1992,6330.401003612755
329,6,0,5,2,1,1,0.065618434,119.1,2011,1940.1376047300848
329,9,0,5,1,0,1,0.06573288299999999,114.35,2006,1947.107965551153
330,2,1,6,1,1,1,0.071856726,158.13,2014,2449.53040056314
330,3,1,6,1,2,2,0.071743629,149.38,2016,2118.7712269277363
330,5,1,6,1,2,3,0.071106549,151.38,1992,6646.219906401402
330,6,1,6,2,1,1,0.07143905099999999,152.63,2011,2341.869822073138
330,7,1,6,0,1,1,0.071597469,152.13,2009,2355.371645306371
331,2,0,6,1,1,1,0.072707309,123.76,2014,1993.080686761951
331,3,0,6,1,2,2,0.072592873,121.26,2016,1989.0155928865126
331,6,0,6,2,1,1,0.072284689,124.51,2011,1999.495261364126
331,7,0,6,0,1,1,0.072444983,121.51,2009,1989.0155928865126
331,8,0,6,2,0,1,0.07229836,120.51,2004,1989.3016499398714
331,9,0,6,1,0,1,0.072410764,120.51,2006,1989.3016499398714
332,2,0,15,1,1,1,0.04347912599999999,91.79,2014,1717.6674723121728
332,3,0,15,1,2,2,0.043410693,98.54,2016,1729.2341236055117
332,5,0,15,1,2,3,0.043025207999999995,94.04,1992,5929.726607735815
332,6,0,15,2,1,1,0.043226398,93.79,2011,1704.700250281232
332,7,0,15,0,1,1,0.043322254000000004,99.04,2009,1729.098411605512
332,8,0,15,2,0,1,0.043234574000000005,95.79,2004,1682.967792223734
333,1,0,0,0,2,1,0.060649213,581.9,1994,9721.450537003442
333,8,0,0,2,0,1,0.060699725,583.4,2004,9364.28794768927
333,9,0,0,1,0,1,0.060794097000000005,584.15,2006,9212.409563795594
334,2,1,3,1,1,1,0.020898691,230.62,2014,3425.111398262421
334,3,1,3,1,2,2,0.020865797,225.62,2016,3001.9785832542248
334,5,1,3,1,2,3,0.0,229.62,1992,8083.959503495157
334,7,1,3,0,1,1,0.020823289,231.12,2009,3484.4492923050097
335,2,1,5,1,1,1,0.011437302,231.12,2014,3520.0714132789817
335,3,1,5,1,2,2,0.011419301000000001,227.62,2016,3327.454470134399
335,4,1,5,2,0,0,0.019912606,227.62,1992,409.6501995677417
335,8,1,5,2,0,1,0.011372972,224.12,2004,3532.2730331399366
336,3,1,5,1,2,2,0.091283986,581.75,2016,8976.961802034397
336,8,1,5,2,0,1,0.09091364199999999,578.25,2004,9741.149621319251
336,9,1,5,1,0,1,0.091054989,579.75,2006,9509.898882662479
337,8,0,6,2,0,1,0.01742908,574.0,2004,9342.364777503268
338,2,0,12,1,1,1,0.056394770999999996,128.5,2014,2079.912254362984
338,5,0,12,1,2,3,0.05580601599999999,131.25,1992,6305.991698057028
338,6,0,12,2,1,1,0.05606697,127.0,2011,2022.1126218196869
338,7,0,12,0,1,1,0.056191301,133.25,2009,2086.186009982828
338,9,0,12,1,0,1,0.05616476,129.75,2006,2090.074890739711
339,0,0,13,2,2,0,0.082526478,479.62,2005,1210.6334652948694
339,1,0,13,0,2,1,0.049263979000000006,487.62,1994,7778.3444784592875
340,2,0,0,1,1,1,0.085434195,262.57,2014,3931.3843517572886
340,4,0,0,2,0,0,0.14874289599999999,267.82,1992,569.2346616377541
340,7,0,0,0,1,1,0.08512595099999999,267.82,2009,4290.5421171106345
341,2,0,5,1,1,1,0.052852620999999995,221.96,2014,3663.931642164469
341,5,0,5,1,2,3,0.052300844000000006,220.71,1992,7269.081783142494
341,8,0,5,2,0,1,0.052555345999999996,224.21,2004,3792.249516968698
341,9,0,5,1,0,1,0.052637055999999995,221.46,2006,3667.733443842632
342,2,1,5,1,1,1,0.016747538,246.68,2014,3716.871742964697
342,4,1,5,2,0,0,0.029157849,242.68,1992,450.15858448725766
342,6,1,5,2,1,1,0.016650191,243.68,2011,3738.993550458455
342,7,1,5,0,1,1,0.016687114,242.43,2009,3876.1485828277678
343,1,0,10,0,2,1,0.033060937,431.18,1994,7501.51006013597
344,2,1,6,1,1,1,0.0,246.1,2014,3669.5595263729515
344,3,1,6,1,2,2,0.025050746000000002,242.85,2016,3697.8449542865023
344,6,1,6,2,1,1,0.024944396,238.6,2011,3775.732029795403
344,7,1,6,0,1,1,0.024999711,244.6,2009,3872.006729735336
345,5,1,3,1,2,3,0.034531702000000004,355.62,1992,9787.471113388563
346,2,1,5,1,1,1,0.110653377,92.38,2014,1740.2538594882676
346,3,1,5,1,2,2,0.11047921699999999,91.88,2016,1743.7053946270703
346,4,1,5,2,0,0,0.192650072,93.63,1992,307.82015593509544
346,5,1,5,1,2,3,0.0,92.63,1992,7191.078595438252
346,6,1,5,2,1,1,0.110010191,97.13,2011,1753.8030810050932
346,7,1,5,0,1,1,0.11025414300000001,93.38,2009,1732.4381430654523
346,8,1,5,2,0,1,0.11003099699999999,93.13,2004,1735.3427254839862
346,9,1,5,1,0,1,0.110202066,99.38,2006,1785.4593399866903
347,4,1,10,2,0,0,0.0,245.51,1992,439.11425629763215
347,5,1,10,1,2,3,0.020312313999999998,245.26,1992,7380.379661090405
347,6,1,10,2,1,1,0.020407296000000002,249.76,2011,3803.401273448644
348,3,0,6,1,2,2,0.076369874,243.1,2016,3822.375589364817
348,5,0,6,1,2,3,0.075691713,245.6,1992,7093.453293040002
348,6,0,6,2,1,1,0.076045655,241.35,2011,3908.6898719306205
348,7,0,6,0,1,1,0.076214289,241.35,2009,3974.1571814400563
349,2,0,13,1,1,1,0.12241394,107.36,2014,1815.4679758162308
349,3,0,13,1,2,2,0.12222126900000001,114.86,2016,1924.0235260396053
349,4,2,13,2,0,0,0.213125482,112.36,1992,270.0039418702908
349,5,0,13,1,2,3,0.0,110.36,1992,6903.7903010369655
349,6,0,13,2,1,1,0.121702394,106.86,2011,1816.4499674412305
349,7,0,13,0,1,1,0.121972274,107.86,2009,1821.938098102297
349,8,0,13,2,0,1,0.12172541099999999,112.86,2004,1917.7506460697887
349,9,2,13,1,0,1,0.121914662,108.86,2006,1809.5704521950408
350,6,0,3,2,1,1,0.010436256,288.95,2011,5072.579670845782
351,2,1,5,1,1,1,0.079376029,204.32,2014,3923.1017683648647
351,3,1,5,1,2,2,0.079251097,198.07,2016,3178.4729689702235
351,5,1,5,1,2,3,0.078547351,198.32,1992,6904.122632724587
351,8,1,5,2,0,1,0.07892957099999999,199.82,2004,3203.394495839743
352,1,0,5,0,2,1,0.081943273,536.38,1994,8991.159557317114
352,8,0,5,2,0,1,0.08201152099999999,533.38,2004,9034.957193205566
353,3,1,6,1,2,2,0.106097275,108.2,2016,1884.8673185814407
353,4,1,6,2,0,0,0.185008985,105.95,1992,310.0011885836825
353,6,1,6,2,1,1,0.10564685300000001,107.2,2011,1877.3745435362707
353,7,1,6,0,1,1,0.105881129,105.2,2009,1877.5809871612705
353,8,1,6,2,0,1,0.105666833,104.2,2004,1877.5809871612705
353,9,1,6,1,0,1,0.10583111699999999,104.2,2006,1877.5809871612705
354,6,1,15,2,1,1,0.128791854,238.52,2011,4012.575427692235
354,7,1,15,0,1,1,0.129077455,238.02,2009,4087.7849904691984
355,2,0,0,1,1,1,0.06082246,212.89,2014,3398.9341502725392
355,3,0,0,1,2,2,0.0,211.39,2016,3324.9651378441436
355,4,0,0,2,0,0,0.105893301,215.64,1992,389.7598265132456
355,7,0,0,0,1,1,0.060603014000000004,213.89,2009,3411.006706118555
355,9,0,0,1,0,1,0.0,211.64,2006,3437.0743181117946
356,1,1,3,0,2,1,0.161301097,462.82,1994,8248.447474622937
357,2,1,5,1,1,1,0.044151435,153.8,2014,2011.9465093291203
357,4,1,5,2,0,0,0.076868664,155.3,1992,401.7539613718771
357,5,1,5,1,2,3,0.043690499,150.55,1992,6643.850833385867
358,2,1,5,1,1,1,0.0,208.15,2014,3873.4980339907793
358,3,1,5,1,2,2,0.019277945,207.15,2016,3448.129007455182
358,6,1,5,2,1,1,0.0,207.15,2011,3862.812553135593
358,8,1,5,2,0,1,0.019199733,210.9,2004,3359.4936878398394
359,6,1,6,2,1,1,0.063805139,293.37,2011,4751.031128528266
359,7,1,6,0,1,1,0.063946629,291.62,2009,4714.016333567707
360,5,0,6,1,2,3,0.035574413,328.57,1992,9219.118578854483
361,7,0,13,0,1,1,0.037014587,287.96,2009,4884.981204312865
362,8,1,0,2,0,1,0.08073703,492.53,2004,8218.784037470008
363,2,1,3,1,1,1,0.11521312,280.05,2014,3724.6552656734357
363,6,1,3,2,1,1,0.11454343,284.3,2011,4401.061494544291
364,1,1,5,0,2,1,0.07285175599999999,492.86,1994,8096.307576254471
364,8,1,5,2,0,1,0.072912432,496.11,2004,7725.295872769989
365,2,1,5,1,1,1,0.127587344,191.34,2014,3163.5499974729805
365,8,1,5,2,0,1,0.12686971800000002,186.09,2004,3119.5898599323477
365,9,1,5,1,0,1,0.127066966,191.34,2006,3160.5811520726097
366,8,1,10,2,0,1,0.033760862,492.36,2004,7877.236173720788
367,3,1,6,1,2,2,0.06656712099999999,625.52,2016,10237.419107556192
367,8,1,6,2,0,1,0.066297055,617.77,2004,9635.375499741169
367,9,1,6,1,0,1,0.066400129,625.27,2006,10382.788328111494
368,3,1,12,1,2,2,0.129864461,600.47,2016,8916.800434394767
368,8,1,12,2,0,1,0.129337594,595.47,2004,9698.3996950971
368,9,1,12,1,0,1,0.12953868,600.72,2006,9460.837052419802
369,1,1,13,0,2,1,0.07833908099999999,432.36,1994,7339.272421972695
370,2,1,0,1,1,1,0.10096683699999999,217.21,2014,3504.491716927138
370,7,1,0,0,1,1,0.100602552,220.96,2009,3505.2850762465227
370,8,1,0,2,0,1,0.10039894,224.21,2004,3669.9210982866616
370,9,1,0,1,0,1,0.100555034,222.21,2006,3549.620127843384
371,5,0,3,1,2,3,0.089243504,348.12,1992,8764.285855876607
372,1,0,4,0,2,1,0.14123493199999998,659.47,1994,9422.038779149254
372,6,0,4,2,1,1,0.141325834,662.72,2011,8327.040341901265
372,8,0,4,2,0,1,0.141352562,660.47,2004,8702.489935272737
372,9,0,4,1,0,1,0.0,659.47,2006,10632.531561929873
373,3,1,5,1,2,2,0.136328794,137.16,2016,2082.1282845679416
373,5,1,5,1,2,3,0.135118202,131.41,1992,6826.854606811299
373,6,1,5,2,1,1,0.0,132.66,2011,2367.6696602885336
373,8,1,5,2,0,1,0.135775701,136.41,2004,2124.447444328701
374,0,0,10,2,2,0,0.087604871,605.63,2005,1508.7156427069137
374,1,0,10,0,2,1,0.052295514,607.38,1994,9806.804829248595
374,8,0,10,2,0,1,0.052339069,606.88,2004,9441.432083699874
375,0,0,6,2,2,0,0.064547828,532.15,2005,1178.082551707292
375,1,0,6,0,2,1,0.038531668,526.65,1994,10200.888431316402
375,8,0,6,2,0,1,0.03856376,523.15,2004,10394.994546019476
376,3,1,13,1,2,2,0.056833394,154.79,2016,1877.216590369704
376,5,1,13,1,2,3,0.056328717,159.79,1992,6360.61616373774
376,6,1,13,2,1,1,0.056592115,162.54,2011,2276.0564940698746
376,7,1,13,0,1,1,0.05671761,157.29,2009,1835.5574062002697
376,8,1,13,2,0,1,0.056602818,158.04,2004,2050.7228047100975
377,0,0,13,2,2,0,0.161039887,525.65,2005,1246.4683663228764
377,1,0,13,0,2,1,0.096132367,522.4,1994,9746.236103431444
377,8,0,13,2,0,1,0.09621243199999999,518.15,2004,9133.446181323034
378,1,0,0,0,2,1,0.07867827599999999,442.59,1994,7377.993340827105
379,2,1,4,1,1,1,0.0,108.94,2014,1871.5272796466377
379,5,1,4,1,2,3,0.045763622999999996,109.69,1992,6436.486664466103
379,7,1,4,0,1,1,0.046079575,108.94,2009,1784.0493095373586
379,9,1,4,1,0,1,0.04605781,109.69,2006,1785.5666953990524
380,3,0,5,1,2,2,0.026428924,195.58,2016,3061.1335651790387
380,5,0,5,1,2,3,0.026194237000000002,197.58,1992,6929.497237104136
380,7,0,5,0,1,1,0.026375082,199.08,2009,3053.082312971677
380,8,0,5,2,0,1,0.026321701,194.08,2004,3024.8064985057804
380,9,0,5,1,0,1,0.026362623999999998,195.83,2006,3040.090246032924
381,5,0,6,1,2,3,0.17352903600000003,283.21,1992,8364.80396750316
381,6,0,6,2,1,1,0.174340475,291.71,2011,5051.433495377122
381,7,0,6,0,1,1,0.0,287.71,2009,5025.63961361011
382,2,0,13,1,1,1,0.028579565,225.79,2014,3713.2211772274923
382,5,0,13,1,2,3,0.028281197,225.54,1992,6992.711462766722
382,7,0,13,0,1,1,0.028476451,227.54,2009,3961.739881065361
383,3,1,13,1,2,2,0.08548276099999999,578.67,2016,9385.52978006005
383,8,1,13,2,0,1,0.08513595300000001,580.92,2004,9822.771993123986
383,9,1,13,1,0,1,0.085268317,574.42,2006,9858.014671108793
384,8,1,0,2,0,1,0.062343432000000004,499.36,2004,8719.953857525375
385,0,1,3,2,2,0,0.024482432999999998,514.41,2005,1338.5139803388493
385,8,1,3,2,0,1,0.014626901000000001,519.41,2004,9693.645011779332
386,2,1,5,1,1,1,0.126313413,251.59,2014,3854.7572311380604
386,3,1,5,1,2,2,0.126114605,248.34,2016,3684.4283210492804
386,6,1,5,2,1,1,0.125579201,249.34,2011,3775.1864051912135
386,7,1,5,0,1,1,0.125857678,251.34,2009,3990.1388963180234
387,2,0,6,1,1,1,0.10079982800000001,196.08,2014,3089.1276959149855
387,5,0,6,1,2,3,0.09974748800000001,188.08,1992,6899.671417289089
387,9,0,6,1,0,1,0.100388706,190.08,2006,2827.6293876626214
388,1,2,6,0,2,1,0.037549969,440.26,1994,6997.903059626957
389,3,0,13,1,2,2,0.074648119,633.43,2016,9518.791828662484
389,8,0,13,2,0,1,0.07434526799999999,629.93,2004,9625.341605465863
389,9,0,13,1,0,1,0.074460855,634.18,2006,9419.864550896209
390,2,1,0,1,1,1,0.056033565,128.67,2014,2230.1025320254166
390,6,1,0,2,1,1,0.0,128.17,2011,2403.68547944397
390,9,1,0,1,0,1,0.055805027,132.67,2006,2226.44532524018
391,1,1,3,0,2,1,0.030816998999999998,577.09,1994,10217.107593178045
391,3,1,3,1,2,2,0.030968306,569.59,2016,8980.014992914641
391,9,1,3,1,0,1,0.030890617999999998,571.84,2006,9483.942542378905
392,6,0,5,2,1,1,0.104658344,303.02,2011,4900.934009457227
392,7,0,5,0,1,1,0.10489042800000001,303.52,2009,4931.989464409017
393,2,0,6,1,1,1,0.093913607,233.04,2014,3703.65561644233
393,3,0,6,1,2,2,0.093765794,225.79,2016,3581.325523891724
393,5,0,6,1,2,3,0.092933158,227.54,1992,7094.969966458794
393,8,0,6,2,0,1,0.09338538099999999,228.29,2004,3840.781225014278
394,1,0,12,0,2,1,0.05398068599999999,492.19,1994,7968.72980548862
394,8,0,12,2,0,1,0.054025644000000005,493.19,2004,7863.659116620157
395,2,1,13,1,1,1,0.071104408,237.53,2014,3998.1892296023007
395,7,1,13,0,1,1,0.070847865,229.28,2009,4171.382696107789
396,3,1,0,1,2,2,0.038477325,157.38,2016,1682.607461238407
396,7,1,0,0,1,1,0.038398937,154.88,2009,1777.7631147178104
396,8,1,0,2,0,1,0.03832122,154.63,2004,1777.7631147178104
396,9,1,0,1,0,1,0.03838080000000001,155.88,2006,1736.9119902512793
397,3,1,4,1,2,2,0.072689818,121.92,2016,1948.0535414680346
397,7,1,4,0,1,1,0.072541731,121.42,2009,1946.1099631347008
398,6,0,5,2,1,1,0.124428516,299.78,2011,5028.710454828001
398,7,0,5,0,1,1,0.12470444,300.78,2009,4998.98940028852
399,5,0,10,1,2,3,0.014353676000000001,288.79,1992,8181.646278992563
400,2,0,13,1,1,1,0.058725134000000005,109.19,2014,1794.75352329815
400,3,0,13,1,2,2,0.058632705,116.19,2016,1899.72243184459
400,6,0,13,2,1,1,0.0,118.19,2011,2098.6086166064138
400,7,0,13,0,1,1,0.058513255,117.44,2009,1898.8215569146823
400,8,0,13,2,0,1,0.0,108.69,2004,1917.7167998967
400,9,0,13,1,0,1,0.058485617000000004,111.94,2006,1826.4967945683345
401,5,1,13,1,2,3,0.12887653699999999,347.96,1992,8171.296432928722
402,1,1,0,0,2,1,0.039008625,522.57,1994,10051.064408601713
403,2,1,3,1,1,1,0.050353695,196.74,2014,2679.5312347735016
403,4,1,3,2,0,0,0.0,197.24,1992,372.7969191542974
403,8,1,3,2,0,1,0.050070475999999996,194.74,2004,2709.7313971039125
404,2,0,5,1,1,1,0.11553548699999999,148.81,2014,2013.6229614842312
404,3,0,5,1,2,2,0.11535364199999999,147.31,2016,1992.380951990589
404,6,2,5,2,1,1,0.114863923,147.56,2011,2003.7524830452815
404,8,0,5,2,0,1,0.114885647,149.06,2004,2042.1484585931244
404,9,0,5,1,0,1,0.11506426300000001,146.56,2006,1987.0283254229896
405,7,1,6,0,1,1,0.100378096,306.1,2009,4923.126218347781
406,1,0,13,0,2,1,0.052766297000000004,474.38,1994,7636.9431485925625
407,3,1,3,1,2,2,0.08511049,539.3,2016,8632.927748393968
407,8,1,3,2,0,1,0.08476519199999999,537.55,2004,9390.28535867243
408,2,1,10,1,1,1,0.12256541300000001,259.67,2014,4100.975991192478
408,3,1,10,1,2,2,0.12237250400000001,253.92,2016,3912.6463336636375
408,7,1,10,0,1,1,0.122123201,251.92,2009,4306.860265968247
409,0,0,5,2,2,0,0.036590807,483.29,2005,1337.0419768303366
410,5,0,6,1,2,3,0.057512481,156.38,1992,6505.402203476359
410,7,0,6,0,1,1,0.057909547,151.13,2009,1951.9498561923215
410,8,2,6,2,0,1,0.057792342999999996,153.63,2004,1948.0789617875594
411,5,1,13,1,2,3,0.087894475,302.93,1992,8361.938230494014
411,6,1,13,2,1,1,0.088305478,308.68,2011,5016.809177011625
412,5,1,13,1,2,3,0.093202196,313.93,1992,8534.505645807283
413,5,1,0,1,2,3,0.127638966,261.33,1992,7664.209469765877
413,6,1,0,2,1,1,0.128235818,260.33,2011,3959.656178183525
413,7,1,0,0,1,1,0.128520186,253.58,2009,4096.106832577021
414,1,1,3,0,2,1,0.040172077,471.38,1994,8163.478421650108
415,5,1,5,1,2,3,0.049349120999999996,271.73,1992,7734.1735525596105
415,6,1,5,2,1,1,0.049579883,275.23,2011,4185.428350918409
416,0,0,5,2,2,0,0.03830192,653.15,2005,1596.6169739630022
416,1,0,5,0,2,1,0.022864238,650.15,1994,11591.490398995968
416,3,0,5,1,2,2,0.022976497000000002,654.15,2016,10930.995092018744
416,6,0,5,2,1,1,0.022878952999999997,655.9,2011,10366.004121048265
416,8,2,5,2,0,1,0.02288328,653.15,2004,11097.275468760583
417,1,1,6,0,2,1,0.10623876800000001,440.35,1994,6683.987882682824
418,3,2,12,1,2,2,0.073709686,87.8,2016,1696.4299087280106
418,4,0,12,2,0,0,0.12853255800000002,85.55,1992,252.32014585199266
418,5,0,12,1,2,3,0.073055148,84.3,1992,5882.949692497381
418,6,0,12,2,1,1,0.07339676099999999,87.8,2011,1695.680662195145
418,7,0,12,0,1,1,0.073559521,84.8,2009,1686.061601287288
418,9,0,12,1,0,1,0.073524776,87.05,2006,1683.758300578761
419,0,0,0,2,2,0,0.094460314,613.28,2005,1595.3835248632975
419,1,0,0,0,2,1,0.056387854,613.53,1994,9852.49224504696
419,8,2,0,2,0,1,0.056434817000000005,619.53,2004,9283.857734797512
420,6,0,3,2,1,1,0.021581922000000003,133.5,2011,2120.98665082918
420,7,0,3,0,1,1,0.021629781,130.0,2009,2153.386563616466
420,9,0,3,1,0,1,0.021619563999999997,126.75,2006,2038.3241558618201
421,5,0,5,1,2,3,0.070912843,303.77,1992,8754.87936697694
421,6,0,5,2,1,1,0.071244438,298.02,2011,5011.813150379977
422,0,1,10,2,2,0,0.039385992,562.1,2005,1476.9762089242604
422,1,1,10,0,2,1,0.023511371,564.85,1994,10268.164809839502
422,3,1,10,1,2,2,0.023626808,558.1,2016,9445.576413151777
422,8,1,10,2,0,1,0.023530952999999997,558.85,2004,9929.597655006848
423,2,0,6,1,1,1,0.18444042100000002,249.18,2014,3601.496054373703
423,4,0,6,2,0,0,0.32111501,251.93,1992,757.288379594501
423,5,0,6,1,2,3,0.18251488100000002,246.93,1992,7422.071789067778
423,7,0,6,0,1,1,0.183774965,254.43,2009,3910.4850191085407
424,0,1,12,2,2,0,0.036109859,466.4,2005,1473.4889803388119
425,1,1,13,0,2,1,0.10520844800000001,426.44,1994,6913.344497108788
426,6,0,3,2,1,1,0.112203445,302.86,2011,4938.263528211741
427,0,1,4,2,2,0,0.123727659,632.59,2005,1661.463824055992
427,3,1,4,1,2,2,0.074221559,639.84,2016,11536.253785653353
427,8,1,4,2,0,1,0.073920438,639.09,2004,11595.611394119405
427,9,1,4,1,0,1,0.074035365,640.34,2006,11639.316395617112
428,2,0,5,1,1,1,0.052607932,140.9,2014,1956.8859009111827
428,5,0,5,1,2,3,0.052058710999999994,138.9,1992,6542.036774386817
428,7,0,5,0,1,1,0.052418124,141.4,2009,1944.0505357785069
428,8,0,5,2,0,1,0.052312034,146.4,2004,1851.1594228185652
429,3,1,6,1,2,2,0.12280294300000001,250.25,2016,3646.0038502037837
429,4,1,6,2,0,0,0.21413978600000003,256.0,1992,556.6898351103642
429,5,1,6,1,2,3,0.12171245900000001,253.0,1992,7629.812307096163
430,0,0,13,2,2,0,0.153592956,570.09,2005,1712.4334069937454
430,8,0,13,2,0,1,0.091763303,571.34,2004,9554.512410662044
431,1,1,13,0,2,1,0.040325274,451.17,1994,7107.894600655467
432,2,0,3,1,1,1,0.0413383,208.48,2014,3498.2614451621107
432,3,0,3,1,2,2,0.041273236,206.23,2016,3508.1435665452195
432,6,0,3,2,1,1,0.041098016,204.23,2011,3664.4374533978385
432,7,0,3,0,1,1,0.041189152,207.23,2009,3567.621413421141
432,8,0,3,2,0,1,0.041105789,208.73,2004,3550.1557659052582
433,3,0,10,1,2,2,0.098814721,251.26,2016,4050.166128994568
433,4,0,10,2,0,0,0.17230990300000001,245.51,1992,443.81136055518215
433,5,0,10,1,2,3,0.09793725199999999,247.26,1992,7318.552294015882
433,6,0,10,2,1,1,0.098395216,252.01,2011,4102.362360344023
434,3,0,5,1,2,2,0.11579959199999999,238.27,2016,3582.4690310273277
434,5,0,5,1,2,3,0.11477129800000001,234.77,1992,7358.7199120815385
434,6,0,5,2,1,1,0.115307979,242.52,2011,3693.275867606939
434,7,0,5,0,1,1,0.115563679,240.02,2009,3774.8896717429607
435,5,1,6,1,2,3,0.0,301.27,1992,10115.58717092859
435,7,1,6,0,1,1,0.041641933,302.77,2009,5159.00880660607
436,0,0,13,2,2,0,0.016758568999999997,626.1,2005,1640.1806106450385
436,1,0,13,0,2,1,0.010003986999999999,626.85,1994,10458.968914808991
436,3,0,13,1,2,2,0.010053105,622.6,2016,10281.204271695626
436,8,0,13,2,0,1,0.010012319,626.1,2004,9863.775971604087
436,9,0,13,1,0,1,0.010027885,624.1,2006,10161.356220844462
437,0,0,13,2,2,0,0.043663452,542.96,2005,1129.1933111137241
437,3,0,13,1,2,2,0.026192765,539.21,2016,8987.578525971745
438,3,0,0,1,2,2,0.0,109.19,2016,2008.9784070781584
438,4,0,0,2,0,0,0.177354373,116.69,1992,407.9002263001702
438,5,0,0,1,2,3,0.10080442,113.69,1992,6467.834182438994
438,6,0,0,2,1,1,0.10127579199999999,116.19,2011,2183.402466133916
438,7,0,0,0,1,1,0.101500374,113.19,2009,2180.281459585599
438,8,0,0,2,0,1,0.101294945,115.69,2004,2182.8227876517726
439,5,0,10,1,2,3,0.008903211999999999,302.44,1992,9664.021365959064
439,6,0,10,2,1,1,0.008944844,305.94,2011,5497.177747047778
440,0,0,5,2,2,0,0.10978405599999999,640.16,2005,1607.2539621011877
440,3,0,5,1,2,2,0.065857092,646.41,2016,12250.70253866395
440,8,0,5,2,0,1,0.06558990599999999,645.66,2004,11937.581374422785
441,1,0,13,0,2,1,0.0112259,529.89,1994,9088.847151554492
442,1,0,13,0,2,1,0.038494623,600.64,1994,10392.739447845699
442,3,0,13,1,2,2,0.0,596.89,2016,9212.392526323794
443,2,0,0,1,1,1,0.007256126999999999,126.01,2014,2292.2787046534872
443,5,0,0,1,2,3,0.007180374000000001,118.51,1992,6809.141189084338
443,6,0,0,2,1,1,0.00721395,119.76,2011,2168.6652581172075
443,8,0,0,2,0,1,0.0072153140000000004,119.01,2004,2160.597665427752
444,0,0,5,2,2,0,0.0,658.23,2005,1632.2443172002454
444,1,0,5,0,2,1,0.0,656.73,1994,11057.600752381726
444,3,0,5,1,2,2,0.021938403999999998,661.73,2016,10335.831996010536
444,5,0,5,1,2,3,0.021743592000000003,657.98,1992,14674.143931160885
444,7,0,5,0,1,1,0.02189371,656.98,2009,10615.87607547004
444,8,0,5,2,0,1,0.021849398,655.23,2004,10549.539489398625
444,9,2,5,1,0,1,0.021883367999999997,659.48,2006,10585.46730818952
445,2,0,5,1,1,1,0.12826315,208.56,2014,3626.3642371759884
445,5,2,5,1,2,3,0.126924095,218.06,1992,7216.915474333619
445,6,0,5,2,1,1,0.127517605,215.06,2011,3502.7561608683554
445,7,0,5,0,1,1,0.12780038,209.06,2009,3558.3570112789257
445,8,0,5,2,0,1,0.127541722,212.31,2004,3523.851621305324
446,7,0,10,0,1,1,0.0268952,321.01,2009,5454.152030134063
447,6,0,12,2,1,1,0.033851785,280.47,2011,4103.267718588575
447,7,0,12,0,1,1,0.033926852,278.97,2009,4406.59062660002
448,0,0,13,2,2,0,0.08614586699999999,645.91,2005,1719.2791935574398
448,3,0,13,1,2,2,0.051677050999999995,645.16,2016,10683.590692690337
449,2,0,0,1,1,1,0.037845086,188.84,2014,2427.72498630716
449,5,0,0,1,2,3,0.037449987000000004,191.84,1992,6604.531419427525
449,7,0,0,0,1,1,0.037708542000000005,186.84,2009,2520.297315501506
449,8,0,0,2,0,1,0.0,192.09,2004,3011.903131729196
449,9,0,0,1,0,1,0.037690731,183.34,2006,2453.6668565457476
450,0,0,4,2,2,0,0.008762556,666.72,2005,1600.6572150323157
450,1,0,4,0,2,1,0.005230785999999999,662.97,1994,11503.427635719947
450,5,0,4,1,2,3,0.005209791,663.22,1992,17068.948712969064
450,6,0,4,2,1,1,0.005234153,660.22,2011,10871.461424490055
450,8,0,4,2,0,1,0.005235143,664.72,2004,10668.373943493152
450,9,0,4,1,0,1,0.005243281999999999,665.47,2006,10681.99927457014
451,0,0,5,2,2,0,0.132596101,565.52,2005,1653.5284133553018
451,1,0,5,0,2,1,0.079152918,559.52,1994,9459.111307070174
451,3,0,5,1,2,2,0.0,560.27,2016,9170.228161975536
452,2,0,10,1,1,1,0.025907416000000003,219.29,2014,3386.6786211653025
452,3,0,10,1,2,2,0.02586664,222.29,2016,3465.6414081176476
452,4,0,10,2,0,0,0.045105407,223.54,1992,476.15275300458273
452,6,0,10,2,1,1,0.025756826,218.04,2011,3419.1547654404626
452,7,0,10,0,1,1,0.025813943,222.79,2009,3564.484109950529
453,0,0,6,2,2,0,0.0,466.97,2005,1423.423785531194
453,1,0,6,0,2,1,0.12988983099999998,463.47,1994,8043.467130719411
454,5,0,13,1,2,3,0.079904068,300.11,1992,8157.572359761546
455,3,1,13,1,2,2,0.045165795999999994,250.0,2016,4210.95233299581
455,4,1,13,2,0,0,0.078758649,257.5,1992,613.4745275006663
455,5,1,13,1,2,3,0.044764726,256.0,1992,7624.260855430412
455,6,1,13,2,1,1,0.0,257.5,2011,3818.1965826884452
455,7,1,13,0,1,1,0.045073782,254.75,2009,4684.872862846566
456,3,1,0,1,2,2,0.094246644,247.27,2016,3826.5540263868024
456,6,1,0,2,1,1,0.093846532,239.27,2011,3750.718181885677
457,4,1,3,2,0,0,0.182236555,267.91,1992,648.0749121930498
458,1,1,10,0,2,1,0.027058066000000002,487.03,1994,7961.013544789985
459,2,0,5,1,1,1,0.11255650699999999,262.41,2014,3777.36548092328
459,5,0,5,1,2,3,0.111381428,266.91,1992,7515.86838206482
459,6,0,5,2,1,1,0.111902259,263.66,2011,3804.01760039987
460,1,0,6,0,2,1,0.049677650999999996,614.79,1994,9771.075991891694
460,8,0,6,2,0,1,0.049719026,616.79,2004,9096.70582411566
461,2,0,13,1,1,1,0.039715591,250.26,2014,4103.610341925756
461,3,0,13,1,2,2,0.039653081,248.76,2016,4038.819700218619
461,5,0,13,1,2,3,0.039300964,248.76,1992,7208.260038165613
461,6,0,13,2,1,1,0.039484739,244.76,2011,3849.9133598215494
461,7,0,13,0,1,1,0.039572298,252.26,2009,4421.479580889478
462,4,1,0,2,0,0,0.212963193,148.81,1992,388.54137968282885
462,5,1,0,1,2,3,0.121043709,148.56,1992,6744.388709754851
462,6,1,0,2,1,1,0.12160972199999999,150.56,2011,2277.719777097536
462,8,1,0,2,0,1,0.121632721,151.56,2004,2289.115530926454
463,0,1,2,2,2,0,0.09426573699999999,584.83,2005,1748.6848350595887
463,1,1,2,0,2,1,0.05627170099999999,580.58,1994,9918.146790975574
463,3,1,2,1,2,2,0.056547985999999995,581.83,2016,9094.190474690331
463,9,1,2,1,0,1,0.056406129000000006,578.58,2006,9599.210472420908
464,2,0,5,1,1,1,0.169405699,115.27,2014,1942.1508242815903
464,3,0,5,1,2,2,0.169139066,116.02,2016,1942.5437068151168
464,4,0,5,2,0,0,0.294939214,117.77,1992,254.22091137153433
464,9,0,5,1,0,1,0.16871476,118.27,2006,1941.0697775373833
465,2,0,6,1,1,1,0.129140919,273.72,2014,3699.554373305751
465,5,0,6,1,2,3,0.127792701,277.97,1992,7566.540246705659
465,6,0,6,2,1,1,0.128390273,279.97,2011,3659.5592341256456
465,7,0,6,0,1,1,0.12867498300000002,280.97,2009,3997.967062109041
466,4,1,13,2,0,0,0.01251245,96.87,1992,258.4206925741044
466,6,1,13,2,1,1,0.007145063,102.62,2011,1883.0978870889028
466,7,1,13,0,1,1,0.0071609080000000006,98.37,2009,1763.515910606166
466,8,1,13,2,0,1,0.007146415,102.62,2004,1883.0978870889028
467,2,0,13,1,1,1,0.036596012000000004,226.62,2014,3726.3134403651675
467,5,0,13,1,2,3,0.036213953,231.37,1992,7168.225634942211
467,6,0,13,2,1,1,0.036383293,227.62,2011,3786.956911307001
467,7,0,13,0,1,1,0.036463975,226.87,2009,3813.096650656794
468,1,1,0,0,2,1,0.024875871,432.61,1994,7704.252894639615
469,2,1,2,1,1,1,0.131665479,229.7,2014,3630.337899483093
469,3,1,2,1,2,2,0.131458247,226.45,2016,3528.2715048514992
470,3,0,10,1,2,2,0.010674255,158.71,2016,2368.979238528994
470,7,0,10,0,1,1,0.010652508,164.21,2009,2596.4844541122666
470,8,0,10,2,0,1,0.010630948999999999,164.96,2004,2600.0700676887336
470,9,0,10,1,0,1,0.010647476999999999,165.96,2006,2598.1109499964264
471,1,1,5,0,2,1,0.06312198200000001,579.42,1994,10192.99869584746
472,2,1,6,1,1,1,0.12315965599999999,275.39,2014,3834.241615569737
473,0,0,13,2,2,0,0.167316771,493.86,2005,1272.2874096039034
473,1,0,13,0,2,1,0.099879337,487.86,1994,7993.077802675983
474,5,0,13,1,2,3,0.040747616,350.62,1992,8754.535441429525
475,2,0,0,1,1,1,0.076505799,228.96,2014,3736.347181308645
475,3,0,0,1,2,2,0.076385385,221.21,2016,3408.7484738613975
475,4,0,0,2,0,0,0.133198355,227.71,1992,379.66791282929114
475,5,0,0,1,2,3,0.075707087,220.46,1992,6807.178978159885
475,7,0,0,0,1,1,0.076229769,226.21,2009,3688.6847354528445
476,3,1,3,1,2,2,0.014793124,221.29,2016,2850.5947972109675
476,4,1,3,2,0,0,0.02579577,221.04,1992,446.38043760313946
476,5,1,3,1,2,3,0.014661762,222.79,1992,6923.163222757227
476,6,1,3,2,1,1,0.014730321999999999,227.29,2011,3234.9758140282074
476,7,1,3,0,1,1,0.014762987,226.79,2009,3280.7936048450038
477,1,1,4,0,2,1,0.063278652,455.33,1994,8550.035891431677
478,3,0,5,1,2,2,0.011660463000000001,241.35,2016,3388.4622709656956
478,4,0,5,2,0,0,0.0,245.6,1992,416.8336503153886
478,5,0,5,1,2,3,0.011556918999999999,236.85,1992,7807.336698674342
478,6,0,5,2,1,1,0.01161096,237.6,2011,3650.120272504347
478,7,0,5,0,1,1,0.011636708,236.35,2009,3766.2124683004986
479,2,0,10,1,1,1,0.027217467999999998,190.17,2014,2572.0059763356408
479,5,0,10,1,2,3,0.026933321,196.17,1992,6937.294457641043
479,6,0,10,2,1,1,0.027059264,191.17,2011,2652.1023350236196
479,8,0,10,2,0,1,0.027064381000000002,190.92,2004,2653.1351320729477
479,9,0,10,1,0,1,0.027106459,188.42,2006,2684.0507238708306
480,5,0,13,1,2,3,0.037505332,315.68,1992,8572.842790030169
480,6,0,13,2,1,1,0.037680711,309.43,2011,5095.813735438171
480,7,0,13,0,1,1,0.037764268999999996,312.43,2009,5088.123138371488
481,5,0,13,1,2,3,0.053795154000000005,294.37,1992,7990.194647183989
481,6,0,13,2,1,1,0.05404670599999999,298.87,2011,5017.499552906783
482,2,1,0,1,1,1,0.08273175099999999,123.01,2014,2364.534609037797
482,5,1,0,1,2,3,0.08186804,117.01,1992,6436.525938733679
482,6,1,0,2,1,1,0.082250863,121.76,2011,2353.924969065204
482,8,1,0,2,0,1,0.08226641900000001,122.01,2004,2353.924969065204
482,9,1,0,1,0,1,0.08239432099999999,121.26,2006,2348.2934082318707
483,1,1,4,0,2,1,0.04745185,536.72,1994,9133.810723363484
483,8,1,4,2,0,1,0.047491371,534.97,2004,9032.369118463723
484,2,1,5,1,1,1,0.046350909,93.63,2014,1875.5947496047959
484,3,1,5,1,2,2,0.046277955999999995,91.88,2016,1886.8159733706807
484,4,1,5,2,0,0,0.08069799799999999,99.63,1992,188.77515377011835
484,5,1,5,1,2,3,0.04586701,94.88,1992,6624.891754618603
484,8,1,5,2,0,1,0.046090204,92.88,2004,1884.0580055556331
485,3,0,6,1,2,2,0.126292985,221.55,2016,3485.859883083093
485,4,0,6,2,0,0,0.22022560800000002,214.05,1992,394.8818699127007
485,5,0,6,1,2,3,0.12517151,222.3,1992,7452.17237453742
485,6,0,6,2,1,1,0.12575682400000002,217.8,2011,3476.238007156253
485,7,0,6,0,1,1,0.126035694,216.05,2009,3479.3040937584674
486,1,1,13,0,2,1,0.067020992,650.83,1994,11284.459393797439
486,3,1,13,1,2,2,0.067350054,643.33,2016,10766.600272806507
486,9,1,13,1,0,1,0.067181098,647.08,2006,10825.28402714816
487,0,1,13,2,2,0,0.12411034900000001,655.89,2005,1800.6632932123
487,1,1,13,0,2,1,0.074087369,662.39,1994,10284.739541374769
487,3,1,13,1,2,2,0.07445112599999999,661.39,2016,9439.639120312444
487,6,1,13,2,1,1,0.07413505299999999,660.14,2011,9901.039250299926
487,7,1,13,0,1,1,0.07429945,662.39,2009,9611.999292880422
487,8,1,13,2,0,1,0.07414907400000001,655.64,2004,10136.367406752475
487,9,1,13,1,0,1,0.07426435599999999,661.89,2006,9727.144319794219
488,2,1,2,1,1,1,0.095102092,261.08,2014,3905.719075875703
488,3,1,2,1,2,2,0.094952408,252.83,2016,3793.758024292001
488,5,1,2,1,2,3,0.094109236,257.33,1992,7474.594615842607
488,6,1,2,2,1,1,0.0945493,256.58,2011,3983.379206891909
489,2,1,3,1,1,1,0.074152133,221.55,2014,3396.4530541165036
489,3,1,3,1,2,2,0.074035423,219.8,2016,3376.4131773613194
489,6,1,3,2,1,1,0.073721115,214.05,2011,3469.2641044040565
489,8,1,3,2,0,1,0.07373505799999999,217.8,2004,3410.286263626966
490,2,0,10,1,1,1,0.123726711,269.48,2014,3814.05883857103
490,5,0,10,1,2,3,0.0,272.98,1992,8075.021832776444
490,6,0,10,2,1,1,0.123007534,265.23,2011,3888.9283374306347
491,2,1,5,1,1,1,0.047387144000000006,127.17,2014,2379.935902968609
491,3,1,5,1,2,2,0.04731256,126.92,2016,2328.38535657278
491,6,1,5,2,1,1,0.0471117,130.17,2011,2443.5374762382326
491,8,1,5,2,0,1,0.04712061,132.92,2004,2407.898394741184
491,9,1,5,1,0,1,0.04719387,132.17,2006,2417.655581523531
492,0,1,6,2,2,0,0.089688978,563.77,2005,1521.0149545932995
492,1,1,6,0,2,1,0.0,562.77,1994,10288.274903369114
492,8,1,6,2,0,1,0.053584207,561.02,2004,9413.649811216885
493,1,0,13,0,2,1,0.075908374,533.55,1994,8894.365607535397
494,0,1,0,2,2,0,0.117026714,473.05,2005,1455.96217838818
495,5,0,3,1,2,3,0.013199737,272.31,1992,7528.937735585097
495,6,0,3,2,1,1,0.01326146,270.06,2011,3926.5303287650577
496,3,1,5,1,2,2,0.033692089,190.59,2016,2794.342816583166
496,8,1,5,2,0,1,0.033555399,186.84,2004,2799.1999313944466
497,1,0,6,0,2,1,0.038653608,613.54,1994,10570.973612397362
497,3,0,6,1,2,2,0.0,617.29,2016,9371.555563091286
497,8,0,6,2,0,1,0.038685802000000005,609.54,2004,10076.304570163162
498,9,2,13,1,0,1,0.064464147,639.41,2006,10353.199381485185
499,4,1,13,2,0,0,0.073462632,130.91,1992,403.44064282962717
499,5,1,13,1,2,3,0.041754584,133.66,1992,6557.482343235659
499,6,1,13,2,1,1,0.041949832,135.16,2011,2284.819002026823
500,1,1,2,0,2,1,0.060615254,435.18,1994,7202.774733422012
501,0,0,5,2,2,0,0.075661985,453.42,2005,990.7257987796696
501,1,0,5,0,2,1,0.045166237000000005,446.67,1994,6796.461010047271
502,3,0,6,1,2,2,0.020688968999999998,220.46,2016,3206.373275048064
502,8,0,6,2,0,1,0.020605032,227.71,2004,3501.7986934611063
503,1,0,13,0,2,1,0.087646694,553.95,1994,9543.674629039364
503,3,0,13,1,2,2,0.0,551.2,2016,9312.785072873903
503,8,0,13,2,0,1,0.08771969199999999,546.45,2004,8983.17287903316
504,5,0,13,1,2,3,0.06712095400000001,332.41,1992,8582.156473724363
505,1,1,0,0,2,1,0.058681957,426.11,1994,7199.884460436813
506,8,1,3,2,0,1,0.09277130900000001,135.5,2004,2439.044888465089
507,0,2,4,2,2,0,0.08949892599999999,445.25,2005,982.6679226313134
507,1,0,4,0,2,1,0.053426165,446.75,1994,6792.615327133388
508,2,0,6,1,1,1,0.031225303,257.25,2014,3819.2090108239395
508,4,2,6,2,0,0,0.054363971,262.75,1992,633.7868764020084
508,7,0,6,0,1,1,0.031112643,262.5,2009,4001.068329347738
509,6,1,13,2,1,1,0.088178053,306.69,2011,4976.648639080434
509,7,1,13,0,1,1,0.088373591,298.44,2009,5123.396896567269
510,5,0,13,1,2,3,0.159193194,231.78,1992,6607.025324950343
510,6,0,13,2,1,1,0.159937597,234.78,2011,3571.5964774933127
510,7,0,13,0,1,1,0.160292264,236.78,2009,3667.0336543008507
511,3,1,3,1,2,2,0.030211742000000003,148.31,2016,1792.4620122414028
511,5,1,3,1,2,3,0.029943462999999997,150.56,1992,6423.440413092162
511,6,1,3,2,1,1,0.030083482,154.81,2011,1936.5927209543413
511,7,1,3,0,1,1,0.030150193,153.56,2009,1941.2989134177694
512,2,1,10,1,1,1,0.026072872,249.67,2014,3955.800933413815
512,6,1,10,2,1,1,0.02592132,254.92,2011,4175.759470252432
512,7,1,10,0,1,1,0.025978802000000002,256.42,2009,4424.788758446527
513,2,0,6,1,1,1,0.07058862099999999,269.98,2014,3868.5986113556814
513,4,0,6,2,0,0,0.122896411,277.98,1992,553.8727288153854
513,5,0,6,1,2,3,0.069851683,277.48,1992,7418.745427106332
514,2,1,13,1,1,1,0.07627820099999999,212.98,2014,3619.124186044476
514,6,1,13,2,1,1,0.075834825,207.48,2011,3651.0705078697138
514,7,1,13,0,1,1,0.07600299099999999,208.73,2009,3659.026732234587
514,8,1,13,2,0,1,0.075849167,212.98,2004,3634.252365648741
515,2,1,13,1,1,1,0.080141165,278.64,2014,4265.603211742009
515,5,1,13,1,2,3,0.0,280.64,1992,8453.13258480775
516,2,1,0,1,1,1,0.0,101.78,2014,1994.6859924897751
516,3,1,0,1,2,2,0.048339408,103.78,2016,2012.0483567374456
516,8,1,0,2,0,1,0.048143292000000004,100.53,2004,1948.8247015631162
516,9,1,0,1,0,1,0.048218142,105.53,2006,2015.4090102096677
517,0,0,2,2,2,0,0.121180705,442.59,2005,1054.3075296537233
518,1,0,3,0,2,1,0.07376631,521.41,1994,9726.95994439124
518,8,0,3,2,0,1,0.073827748,522.16,2004,10046.942625572881
519,0,1,10,2,2,0,0.025257507999999998,621.35,2005,1750.394311426199
519,8,1,10,2,0,1,0.015089965,624.1,2004,10882.284103427677
520,1,1,5,0,2,1,0.014075333999999998,442.09,1994,7065.241988736065
521,5,1,6,1,2,3,0.08793675199999999,289.87,1992,8313.411353589321
521,7,1,6,0,1,1,0.08854386800000001,293.87,2009,4696.966739243787
522,0,0,13,2,2,0,0.05837308,609.96,2005,1661.3727031448504
522,1,0,13,0,2,1,0.034845667999999996,606.96,1994,10513.520155654625
522,3,2,13,1,2,2,0.035016754,613.46,2016,9596.557515543947
523,5,0,13,1,2,3,0.045900447999999996,297.28,1992,8366.320484607255
523,6,0,13,2,1,1,0.046115083,300.53,2011,5136.716093316665
523,7,0,13,0,1,1,0.046217345,300.78,2009,5123.411428684789
524,5,2,0,1,2,3,0.08071118,282.89,1992,7879.528000460085
524,7,0,0,0,1,1,0.08126841,275.64,2009,4283.769964997384
525,2,0,2,1,1,1,0.152918384,249.59,2014,3469.8512128962993
525,4,0,2,2,0,0,0.266234421,246.34,1992,527.1573445455731
525,7,0,2,0,1,1,0.15236665900000002,246.34,2009,3502.35919255726
526,5,0,10,1,2,3,0.016653022,348.8,1992,9114.828068906592
527,2,1,5,1,1,1,0.063054947,256.0,2014,3964.596990024948
527,7,1,5,0,1,1,0.06282744700000001,262.75,2009,4126.304048982585
528,1,1,13,0,2,1,0.138190277,627.18,1994,9867.756726999794
528,3,1,13,1,2,2,0.138868769,629.68,2016,8615.241779311116
529,2,0,0,1,1,1,0.11390811699999999,133.49,2014,2596.985277401909
529,4,0,0,2,0,0,0.19831664899999998,135.99,1992,484.15507769314996
529,5,2,0,1,2,3,0.11271892800000001,135.74,1992,6980.17575763616
529,7,0,0,0,1,1,0.11349714,140.49,2009,2433.642152741108
529,8,0,0,2,0,1,0.11326743,136.49,2004,2591.96327611588
530,3,1,2,1,2,2,0.061424738,144.4,2016,1812.4984174162942
530,4,1,2,2,0,0,0.107110465,138.9,1992,478.5828064936949
530,6,1,2,2,1,1,0.061163967,148.15,2011,1740.8206731724154
530,9,1,2,1,0,1,0.061270647000000004,141.9,2006,1824.5762923500597
531,5,0,10,1,2,3,0.039370913,292.45,1992,8325.290564801875
531,6,0,10,2,1,1,0.039555016,292.2,2011,4968.447753512814
532,2,1,5,1,1,1,0.030418998,257.75,2014,3798.559885148264
532,3,1,5,1,2,2,0.030371121,254.5,2016,3605.318278233011
532,6,1,5,2,1,1,0.030242184,254.5,2011,3844.660316569946
533,1,0,6,0,2,1,0.072820885,478.13,1994,7879.767949610084
534,5,1,13,1,2,3,0.122519571,232.61,1992,6728.180502189448
535,1,1,13,0,2,1,0.0,426.53,1994,7656.013108702977
536,1,1,3,0,2,1,0.091895319,621.6,1994,10677.895643019676
536,3,1,3,1,2,2,0.09234651,629.6,2016,9368.307675974582
536,8,1,3,2,0,1,0.09197185599999999,629.1,2004,9919.319218554674
537,1,1,10,0,2,1,0.0,422.7,1994,7283.614400667592
538,8,0,13,2,0,1,0.11810276900000001,562.02,2004,9850.32549814309
539,2,1,13,1,1,1,0.0,257.83,2014,3880.4127479086983
539,6,1,13,2,1,1,0.14460413,256.58,2011,4112.174981035786
539,7,1,13,0,1,1,0.144924795,252.08,2009,4246.538265921188
540,3,0,0,1,2,2,0.065215312,233.7,2016,3575.694103494009
540,4,0,0,2,0,0,0.113720344,224.95,1992,452.5846023588267
540,5,0,0,1,2,3,0.064636203,225.2,1992,6914.54537488466
540,6,0,0,2,1,1,0.064938448,225.2,2011,3427.9915639645073
540,7,0,0,0,1,1,0.065082452,232.7,2009,3656.381999599521
541,3,1,2,1,2,2,0.125734578,104.37,2016,2137.651228278818
541,6,1,2,2,1,1,0.125200788,104.12,2011,2137.651228278818
541,8,1,2,2,0,1,0.125224466,103.12,2004,2136.9031372371514
541,9,1,2,1,0,1,0.125419157,100.12,2006,2052.6314942008003
542,3,1,3,1,2,2,0.026627857,234.28,2016,3315.799335705523
542,5,1,3,1,2,3,0.026391402999999997,232.03,1992,7036.764589976125
543,5,1,5,1,2,3,0.13093275,217.3,1992,7609.8469942871725
544,5,0,13,1,2,3,0.053971566,353.04,1992,9119.59357771231
545,1,1,13,0,2,1,0.056825065,577.5,1994,10576.271716317051
545,3,1,13,1,2,2,0.057104065999999995,581.75,2016,9468.846647570264
545,8,1,13,2,0,1,0.056872392,578.0,2004,10148.10838034963
545,9,1,13,1,0,1,0.056960814000000005,575.25,2006,10012.243323410736
546,5,1,2,1,2,3,0.020618324,323.5,1992,9115.657607996613
546,7,1,2,0,1,1,0.020760673,322.0,2009,5355.678070409138
547,3,1,10,1,2,2,0.037033223,569.84,2016,9508.734401307172
548,2,0,5,1,1,1,0.0,136.65,2014,2576.7799334626025
548,3,0,5,1,2,2,0.026645307000000003,133.9,2016,2463.997593816794
548,5,0,5,1,2,3,0.026408697999999998,133.15,1992,6655.809748304494
548,8,0,5,2,0,1,0.026537206,143.15,2004,2186.1294489174525
549,1,1,13,0,2,1,0.125170423,653.73,1994,10448.078351181179
549,7,1,13,0,1,1,0.125528734,655.48,2009,9219.181136940171
549,8,1,13,2,0,1,0.125274674,655.48,2004,9305.954874171033
549,9,1,13,1,0,1,0.125469442,661.23,2006,8831.08317487217
550,2,1,13,1,1,1,0.012823828999999998,138.9,2014,2385.2037058018236
550,4,1,13,2,0,0,0.0,146.9,1992,275.5855402336032
550,5,1,13,1,2,3,0.01268995,141.15,1992,6894.431127114333
550,6,1,13,2,1,1,0.012749288999999999,147.15,2011,2216.8822681012207
550,7,1,13,0,1,1,0.0,139.65,2009,2496.8574555267037
550,8,1,13,2,0,1,0.012751700000000001,138.9,2004,2385.2037058018236
551,0,1,1,2,2,0,0.050657232,624.77,2005,1470.6786228178967
551,8,1,1,2,0,1,0.030264897000000002,625.77,2004,10282.807612401313
551,9,1,1,1,0,1,0.030311951,618.52,2006,9091.074294042763
552,1,0,0,0,2,1,0.05488482099999999,488.36,1994,7932.398256043505
552,8,0,0,2,0,1,0.054930533,486.11,2004,8512.492141131208
553,2,1,10,1,1,1,0.008615000000000001,181.01,2014,3006.142862300963
553,3,1,10,1,2,2,0.008601441,184.26,2016,3021.641569957212
553,4,1,10,2,0,0,0.014998913999999999,181.01,1992,418.3722895245642
553,5,1,10,1,2,3,0.008525061,181.26,1992,7690.182796660398
553,6,1,10,2,1,1,0.008564925,183.01,2011,3006.4033391924004
553,9,1,10,1,0,1,0.008579863,180.76,2006,3005.9075301958105
554,3,0,5,1,2,2,0.015169739,205.56,2016,3437.8899293337117
554,7,0,5,0,1,1,0.015138833999999999,204.81,2009,3503.4156199685403
554,8,0,5,2,0,1,0.015108193999999998,209.31,2004,3356.064200648102
554,9,0,5,1,0,1,0.015131684,207.56,2006,3430.792464238576
555,2,1,6,1,1,1,0.0,117.01,2014,2297.7918082537412
555,3,1,6,1,2,2,0.016664252,119.76,2016,2371.136799135958
555,5,1,6,1,2,3,0.016516275,118.51,1992,6641.615378447902
555,6,1,6,2,1,1,0.016593506,117.26,2011,2263.4987353527704
555,7,1,6,0,1,1,0.016630303,120.26,2009,2372.32346438021
555,8,1,6,2,0,1,0.016596645,120.76,2004,2369.4459617275147
555,9,1,6,1,0,1,0.016622448,125.51,2006,2415.9832163261353
556,1,1,6,0,2,1,0.152001201,630.85,1994,10239.38352192581
556,3,1,6,1,2,2,0.152747503,630.1,2016,8882.956639774051
556,8,1,6,2,0,1,0.0,630.85,2004,10552.088782413555
556,9,1,6,1,0,1,0.152364317,635.1,2006,9291.673606014381
557,1,1,13,0,2,1,0.009754895999999999,557.6,1994,10212.513985817757
557,3,1,13,1,2,2,0.009802791,557.6,2016,9430.529951119088
557,8,1,13,2,0,1,0.009763021,565.6,2004,9720.490209815733
558,2,1,13,1,1,1,0.017960491999999998,203.99,2014,3413.9280193354075
558,3,1,13,1,2,2,0.017932223,196.99,2016,2902.9445230990796
558,6,1,13,2,1,1,0.0,195.99,2011,3317.128636369345
558,7,1,13,0,1,1,0.017895691000000002,198.74,2009,2898.3498039967812
558,9,1,13,1,0,1,0.017887238,198.74,2006,2892.7394779869664
559,2,0,1,1,1,1,0.147255604,234.36,2014,3493.813149664722
559,3,0,1,1,2,2,0.147023834,234.36,2016,3470.4698138771328
559,4,0,1,2,0,0,0.25637539,237.11,1992,472.076028539823
559,5,0,1,1,2,3,0.14571827,235.86,1992,7120.3210440569
559,6,0,1,2,1,1,0.146399663,234.61,2011,3485.8025091096815
559,7,0,1,0,1,1,0.0,232.86,2009,3712.7118578049603
560,0,0,3,2,2,0,0.21332355,521.32,2005,1315.4197309251235
560,8,0,3,2,0,1,0.127449031,526.32,2004,9940.710346559843
561,3,1,10,1,2,2,0.17980696100000002,238.19,2016,3474.849327685506
561,5,1,10,1,2,3,0.178210285,239.44,1992,7070.80563224057
561,7,1,10,0,1,1,0.0,237.44,2009,3987.5193397343924
562,5,0,5,1,2,3,0.071948252,304.02,1992,8760.663161766084
562,6,0,5,2,1,1,0.072284689,299.77,2011,4975.679291929178
563,2,1,6,1,1,1,0.02914662,198.24,2014,3082.7569631629285
563,3,1,6,1,2,2,0.029100745,201.74,2016,3311.242648919214
563,5,1,6,1,2,3,0.028842332000000002,203.74,1992,7279.328950800744
563,8,1,6,2,0,1,0.028982682000000003,198.99,2004,3062.3167096675584
564,2,0,6,1,1,1,0.121225455,114.77,2014,2286.421516905287
564,3,0,6,1,2,2,0.121034655,118.77,2016,2282.2282505922058
564,5,0,6,1,2,3,0.11995987300000001,113.77,1992,6887.62540719252
564,6,0,6,2,1,1,0.120520818,114.77,2011,2286.421516905287
564,7,0,6,0,1,1,0.120788077,114.27,2009,2288.363658448721
564,8,0,6,2,0,1,0.120543611,114.52,2004,2286.421516905287
564,9,0,6,1,0,1,0.120731024,116.27,2006,2284.459674077669
565,1,0,0,0,2,1,0.077849003,447.92,1994,7315.05737466349
566,0,0,2,2,2,0,0.035780177,575.58,2005,1370.5831570649739
566,1,0,2,0,2,1,0.021358889,580.83,1994,10081.268993742393
566,3,0,2,1,2,2,0.0,581.83,2016,9595.636688924284
566,9,0,2,1,0,1,0.021409913,574.33,2006,9610.499131827968
567,2,0,3,1,1,1,0.07325106,191.25,2014,2934.2130076082644
567,3,0,3,1,2,2,0.073135768,193.25,2016,3030.6287129165107
567,5,0,3,1,2,3,0.07248632599999999,197.5,1992,6730.349593384018
567,7,0,3,0,1,1,0.072986772,197.25,2009,3008.4767821756946
567,9,0,3,1,0,1,0.072952298,190.25,2006,2825.720237792979
568,1,1,10,0,2,1,0.13725257,459.4,1994,8118.220173462855
569,5,0,6,1,2,3,0.087029712,273.06,1992,7368.24219360125
569,6,0,6,2,1,1,0.087436672,274.81,2011,3878.5768472481436
569,7,0,6,0,1,1,0.087630566,275.06,2009,4019.6490355328997
570,2,1,13,1,1,1,0.038167453,223.71,2014,3443.8884252367798
570,3,1,13,1,2,2,0.03810738,215.96,2016,3379.8306720386104
570,5,1,13,1,2,3,0.037768988999999996,221.46,1992,6846.455491696158
570,7,1,13,0,1,1,0.038029746,221.71,2009,3431.3064170093517
570,8,1,13,2,0,1,0.037952777,223.96,2004,3484.338142283052
571,1,1,13,0,2,1,0.014200671000000002,467.97,1994,7870.007617781725
572,1,1,0,0,2,1,0.02681843,549.36,1994,9457.73533496376
572,3,1,0,1,2,2,0.026950104,552.36,2016,9131.019038451956
572,8,1,0,2,0,1,0.026840766000000002,549.61,2004,9620.499128773392
573,4,1,2,2,0,0,0.05787008,124.25,1992,435.09157787277263
573,5,1,2,1,2,3,0.032892112,123.25,1992,6460.744286593615
573,8,1,2,2,0,1,0.033052168,124.25,2004,2129.3746787056502
573,9,1,2,1,0,1,0.033103556,122.25,2006,2142.0844248199746
574,2,0,3,1,1,1,0.0,224.7,2014,3383.2838151769038
574,3,2,3,1,2,2,0.0,225.7,2016,3125.1516510330725
574,5,0,3,1,2,3,0.077790204,232.7,1992,7100.643503207498
574,8,0,3,2,0,1,0.078168739,228.45,2004,3793.09699264609
575,3,1,10,1,2,2,0.042153502,110.03,2016,2014.3534488061314
575,5,1,10,1,2,3,0.041779181,108.53,1992,6593.33852731442
576,1,1,5,0,2,1,0.077100381,431.03,1994,7187.5417326708875
577,6,1,6,2,1,1,0.044974050999999994,288.95,2011,4824.393052854095
577,7,1,6,0,1,1,0.045073782,297.95,2009,5205.791255602189
578,2,2,0,1,1,1,0.034563936,113.27,2014,2271.842304570147
578,3,0,0,1,2,2,0.0,108.52,2016,2228.4385513976613
578,5,0,0,1,2,3,0.034203092000000004,108.27,1992,6390.839770581893
578,6,0,0,2,1,1,0.034363028999999996,108.77,2011,2151.0894570682326
578,8,0,0,2,0,1,0.034369527999999996,109.27,2004,2148.5287185497145
579,6,1,10,2,1,1,0.061165512000000005,314.1,2011,5072.213280758022
579,7,1,10,0,1,1,0.061301149000000006,305.35,2009,4968.833084349798
580,3,0,5,1,2,2,0.013869039,156.29,2016,2088.010767196419
580,5,0,5,1,2,3,0.013745883,155.04,1992,6456.5721715275
580,7,0,5,0,1,1,0.013840783999999998,163.04,2009,2491.66244429141
580,8,0,5,2,0,1,0.013812772,161.79,2004,2331.0036669091505
580,9,0,5,1,0,1,0.013834247,156.79,2006,2095.507218003197
581,1,0,6,0,2,1,0.08982696,492.78,1994,8162.757333670267
581,8,0,6,2,0,1,0.089901774,493.78,2004,7783.3095919258185
582,1,1,6,0,2,1,0.112316501,484.87,1994,8201.353756262162
583,2,0,13,1,1,1,0.128814669,269.16,2014,3874.414090553602
583,5,0,13,1,2,3,0.127469857,269.41,1992,6755.5235399290195
583,6,0,13,2,1,1,0.128065918,260.91,2011,3995.0207852013928
583,7,0,13,0,1,1,0.128349909,266.41,2009,4285.320077761864
584,0,0,1,2,2,0,0.11566015,545.79,2005,1024.0916024056119
584,1,0,1,0,2,1,0.069043044,546.79,1994,8708.930284593242
584,8,0,1,2,0,1,0.069100548,541.54,2004,8781.81681062076
585,2,1,0,1,1,1,0.045522854,87.72,2014,1673.2854829711996
585,6,1,0,2,1,1,0.045258247,89.97,2011,1733.2805072216008
585,7,1,0,0,1,1,0.045358609,90.47,2009,1734.2310458882675
585,8,1,0,2,0,1,0.045266806,92.47,2004,1723.8235978060334
585,9,1,0,1,0,1,0.045337184,92.22,2006,1727.4028423068505
586,3,1,3,1,2,2,0.134870732,104.87,2016,1560.5768243234268
586,4,1,3,2,0,0,0.235183205,103.87,1992,187.24456199077085
586,5,1,3,1,2,3,0.133673087,103.87,1992,6640.208994633393
586,9,1,3,1,0,1,0.134532392,98.62,2006,1500.7875436524364
587,0,0,10,2,2,0,0.0,640.08,2005,1284.0144203443115
588,0,0,5,2,2,0,0.06577152900000001,614.45,2005,1235.3307065802098
588,3,0,5,1,2,2,0.039454924,610.2,2016,9925.236931813253
588,8,0,5,2,0,1,0.039294854,616.7,2004,9671.890235509043
588,9,0,5,1,0,1,0.039355947,615.95,2006,9562.188555095012
589,7,0,6,0,1,1,0.17386795800000002,322.16,2009,6190.199064280659
590,7,0,6,0,1,1,0.045761855,314.01,2009,5145.309468691931
591,2,1,13,1,1,1,0.099692906,127.42,2014,1808.30099791146
591,3,1,13,1,2,2,0.099535996,130.67,2016,1814.3751661889664
591,5,1,13,1,2,3,0.0,131.67,1992,7304.924988115269
591,6,1,13,2,1,1,0.099113429,132.17,2011,1823.6426021519296
591,7,1,13,0,1,1,0.09933321699999999,128.42,2009,1817.5769525997748
591,9,1,13,1,0,1,0.09928629800000001,124.67,2006,1642.00621843454
592,1,0,1,0,2,1,0.0,547.29,1994,9782.156793316071
592,3,0,1,1,2,2,0.035731825,545.79,2016,8965.555353438578
593,5,0,0,1,2,3,0.082602127,302.44,1992,8510.454817164647
593,7,0,0,0,1,1,0.083172413,302.69,2009,4950.1032830304375
594,0,0,3,2,2,0,0.035497039,541.96,2005,1022.6616077609463
594,3,0,3,1,2,2,0.021293909,546.21,2016,9107.982691986732
594,8,0,3,2,0,1,0.021207518999999998,548.71,2004,9660.951097735266
595,2,0,4,1,1,1,0.140342195,264.08,2014,3760.3509913076487
595,3,0,4,1,2,2,0.140121306,256.33,2016,3607.6116887170997
595,4,0,4,2,0,0,0.244338986,264.83,1992,672.5623353688123
596,0,0,10,2,2,0,0.199935881,471.13,2005,1232.6644492975815
596,1,2,10,0,2,1,0.119351235,475.38,1994,8609.495473393776
597,0,1,5,2,2,0,0.13497562800000001,650.23,2005,1220.1640052428825
597,1,1,5,0,2,1,0.08057337099999999,650.48,1994,12396.54348825577
597,3,1,5,1,2,2,0.080968973,649.48,2016,11314.176786178115
597,7,1,5,0,1,1,0.080804019,652.98,2009,11666.108300761814
597,8,1,5,2,0,1,0.080640478,656.73,2004,11025.836132075321
597,9,1,5,1,0,1,0.080765853,657.23,2006,10899.324699677158
598,2,1,6,1,1,1,0.162418495,162.29,2014,2682.4464015885683
598,3,1,6,1,2,2,0.16216286,155.54,2016,2132.075735300128
598,5,1,6,1,2,3,0.160722863,164.29,1992,7524.25778937914
598,6,1,6,2,1,1,0.161474419,157.29,2011,2219.802930514997
598,8,1,6,2,0,1,0.161504957,162.54,2004,2676.8741153087267
599,1,0,13,0,2,1,0.089197963,643.42,1994,11252.008295755124
599,3,0,13,1,2,2,0.0,641.67,2016,9998.521200175699
599,8,0,13,2,0,1,0.08927225300000001,636.92,2004,9648.379609072115
600,2,1,0,1,1,1,0.091688111,122.5,2014,2067.3321785113253
600,3,1,0,1,2,2,0.0,128.5,2016,2205.9969023181698
601,7,0,2,0,1,1,0.143396175,320.25,2009,5245.931989520249
602,2,0,3,1,1,1,0.032283676000000004,130.5,2014,1728.5717602038767
602,5,0,3,1,2,3,0.031946638,129.0,1992,6223.074811760264
602,9,0,3,1,0,1,0.032152004,126.5,2006,1639.8010707716335
603,2,0,10,1,1,1,0.069817659,133.83,2014,1784.2063143787925
603,3,0,10,1,2,2,0.069707771,127.58,2016,1787.910045202931
603,4,0,10,2,0,0,0.121554149,134.33,1992,583.8387883249134
603,5,0,10,1,2,3,0.06908877,130.83,1992,6230.589189065115
603,7,0,10,0,1,1,0.069565759,131.08,2009,1781.55197987258
603,9,0,10,1,0,1,0.069532901,129.58,2006,1797.5441726051702
604,4,1,5,2,0,0,0.060154967999999996,275.39,1992,622.4957586329996
604,6,1,5,2,1,1,0.034350673,281.89,2011,4462.695240939374
605,6,1,6,2,1,1,0.079698503,251.58,2011,3931.099026689857
605,7,1,6,0,1,1,0.079875237,256.83,2009,4144.04838452531
606,8,1,13,2,0,1,0.030624844,630.68,2004,9971.401502058108
606,9,1,13,1,0,1,0.030672457,632.93,2006,9806.671809672127
607,4,0,13,2,0,0,0.13064231,220.96,1992,418.22748038694186
607,6,0,13,2,1,1,0.074601506,227.46,2011,3926.279028256664
607,8,0,13,2,0,1,0.0,220.71,2004,3922.887916798798
608,3,1,2,1,2,2,0.0,138.15,2016,1882.2335452896846
608,4,1,2,2,0,0,0.12096585300000001,139.65,1992,503.55053684234053
608,5,1,2,1,2,3,0.068754395,136.4,1992,6101.204482623874
608,7,1,2,0,1,1,0.069229076,139.9,2009,1606.2113922195406
608,8,1,2,2,0,1,0.06908896099999999,140.9,2004,1587.018166414474
608,9,1,2,1,0,1,0.06919637599999999,135.9,2006,1678.0538077847555
609,3,1,5,1,2,2,0.070979698,573.75,2016,9355.854202538894
609,8,1,5,2,0,1,0.07069172900000001,575.5,2004,9938.592143862128
610,2,0,6,1,1,1,0.046747070999999994,124.92,2014,1638.1190617249088
610,3,0,6,1,2,2,0.046673494,121.17,2016,1660.2581899127917
610,5,0,6,1,2,3,0.046259035999999996,118.67,1992,6286.95148267054
610,7,0,6,0,1,1,0.046578409,121.67,2009,1658.7957397809237
610,9,2,6,1,0,1,0.046556408,119.42,2006,1668.7631708669644
611,2,0,13,1,1,1,0.052740762999999996,259.5,2014,4198.733841127456
611,6,0,13,2,1,1,0.052434201,260.0,2011,4251.469770836635
611,7,0,13,0,1,1,0.052550476,253.25,2009,4478.099677857354
612,3,0,13,1,2,2,0.13569283099999999,550.12,2016,8770.2344617365
613,5,1,1,1,2,3,0.056192276,257.91,1992,7480.997578105665
613,7,1,1,0,1,1,0.056580227999999996,264.16,2009,4499.580832950793
614,2,0,0,1,1,1,0.056235142,255.0,2014,4069.0087092711865
614,5,0,0,1,2,3,0.055648052,250.75,1992,7242.906652116076
614,6,0,0,2,1,1,0.055908268,249.5,2011,3968.4823691324677
614,7,0,0,0,1,1,0.056032247,255.75,2009,4279.606828637882
615,3,1,3,1,2,2,0.161356273,632.75,2016,9335.150426225015
615,9,1,3,1,0,1,0.160951491,640.25,2006,10144.447032551747
616,1,1,10,0,2,1,0.07794933400000001,596.81,1994,10193.61315721275
616,9,1,10,1,0,1,0.0,589.06,2006,9731.248279183748
617,4,0,5,2,0,0,0.148392623,103.95,1992,248.37713216769959
617,9,0,5,1,0,1,0.084885375,98.2,2006,1555.8592968909381
618,3,1,6,1,2,2,0.087762922,553.86,2016,9276.555543460368
618,8,1,6,2,0,1,0.087406863,554.61,2004,9884.196599426587
619,2,1,6,1,1,1,0.01903743,151.38,2014,1988.710920683447
619,4,1,6,2,0,0,0.033144602999999995,156.88,1992,389.1836276239474
619,5,1,6,1,2,3,0.018838681,157.38,1992,6550.696200713866
619,6,1,6,2,1,1,0.018926773,150.63,2011,1997.1777230904695
619,7,1,6,0,1,1,0.018968743,154.88,2009,1968.1390762323795
619,8,1,6,2,0,1,0.018930352,148.63,2004,1824.298472091253
620,5,0,13,1,2,3,0.057850699000000005,283.21,1992,7733.503140795594
620,6,0,13,2,1,1,0.058121214000000004,289.71,2011,4710.258860575282
620,7,0,13,0,1,1,0.0,287.96,2009,5079.332264004878
621,1,0,13,0,2,1,0.03315162,426.61,1994,7115.602810555973
622,3,1,1,1,2,2,0.06797671,643.75,2016,11965.555863370042
622,8,1,1,2,0,1,0.067700925,641.5,2004,11606.896044940504
623,8,2,0,2,0,1,0.035410748,578.5,2004,10000.327508593133
624,4,0,3,2,0,0,0.018632082,207.48,1992,487.8366789810951
624,5,0,3,1,2,3,0.010590075,211.73,1992,7532.619812801291
624,6,2,3,2,1,1,0.010639596000000001,210.48,2011,3172.126070331111
624,7,0,3,0,1,1,0.010663188999999998,205.98,2009,3470.683951631795
624,9,0,3,1,0,1,0.010658153,207.73,2006,3520.886796998838
625,5,1,10,1,2,3,0.150341867,207.82,1992,6545.652448701266
625,6,1,10,2,1,1,0.151044881,198.07,2011,3299.082446225161
625,8,1,10,2,0,1,0.0,204.07,2004,3927.6152093305996
625,9,1,10,1,0,1,0.151308326,204.32,2006,3823.756704103896
626,2,0,5,1,1,1,0.041974489000000004,271.73,2014,3967.7789072736514
626,6,0,5,2,1,1,0.041730507,273.23,2011,4037.4585833255423
626,7,2,5,0,1,1,0.041823046,270.23,2009,4492.948861378418
627,0,1,6,2,2,0,0.024044278999999998,602.63,2005,1139.0165849133982
627,1,1,6,0,2,1,0.014353174,606.63,1994,11117.382473238515
628,2,0,6,1,1,1,0.029953313999999998,98.78,2014,1473.081289544048
628,5,0,6,1,2,3,0.029640603999999997,102.03,1992,6129.545030049081
628,6,0,6,2,1,1,0.029779207000000002,98.28,2011,1474.1967389460087
628,7,0,6,0,1,1,0.029845242999999997,104.03,2009,1544.1997837410072
629,7,0,13,0,1,1,0.019462623000000002,302.19,2009,5506.884593722656
630,5,0,13,1,2,3,0.029595637,102.46,1992,5836.451590961502
630,7,0,13,0,1,1,0.029799965,97.96,2009,1491.4096014838153
630,9,0,13,1,0,1,0.029785889,97.46,2006,1479.1062755880725
631,2,0,1,1,1,1,0.024664556,258.33,2014,3991.490468850582
631,4,0,1,2,0,0,0.042941559000000004,257.33,1992,561.226352586344
631,5,0,1,1,2,3,0.024407061,255.83,1992,7304.8430360523
631,6,0,1,2,1,1,0.024521191,251.58,2011,4008.9024726908187
632,1,0,0,0,2,1,0.073605395,624.18,1994,11237.80059193676
632,3,0,0,1,2,2,0.07396678599999999,626.43,2016,10601.402520145792
633,2,1,4,1,1,1,0.068256316,152.39,2014,1779.4685138225304
633,3,1,4,1,2,2,0.06814888599999999,146.64,2016,1482.5858649830911
633,5,1,4,1,2,3,0.067543727,143.14,1992,6016.099001414793
633,6,1,4,2,1,1,0.067859568,150.39,2011,1761.0740432751486
633,7,1,4,0,1,1,0.068010049,143.14,2009,1463.8880664978276
633,8,1,4,2,0,1,0.067872402,144.64,2004,1503.4064489199468
633,9,1,4,1,0,1,0.0,144.64,2006,1894.2535739820312
634,4,1,10,2,0,0,0.077480627,253.5,1992,607.8299037111246
635,3,1,6,1,2,2,0.054066567,217.71,2016,3335.0090667763357
635,5,1,6,1,2,3,0.053586458,224.46,1992,7194.932827834898
635,6,1,6,2,1,1,0.0,217.96,2011,3661.7665763879572
635,9,1,6,1,0,1,0.05393093400000001,218.46,2006,3397.4822287520924
636,5,1,6,1,2,3,0.046382793,307.1,1992,8938.3302859152
636,6,1,6,2,1,1,0.046599684,312.85,2011,5140.452063705018
637,2,0,13,1,1,1,0.163160327,268.66,2014,3828.574075540137
637,4,2,13,2,0,0,0.28406587899999997,263.91,1992,789.9940852197732
637,6,0,13,2,1,1,0.162211939,267.66,2011,3880.5049352719
637,7,0,13,0,1,1,0.162571649,268.66,2009,4132.109152688978
638,2,1,0,1,1,1,0.162461219,98.21,2014,1613.5008532338727
638,3,1,0,1,2,2,0.162205516,90.71,2016,1594.7010847420188
638,4,1,0,2,0,0,0.0,95.46,1992,341.5408094094812
638,6,1,0,2,1,1,0.161516894,92.71,2011,1589.4420428000526
638,7,1,0,0,1,1,0.161875063,89.21,2009,1591.3666869405483
638,8,1,0,2,0,1,0.0,95.96,2004,1693.6767149624795
638,9,1,0,1,0,1,0.161798604,93.21,2006,1585.3494746672327
639,0,0,2,2,2,0,0.14940405699999998,482.12,2005,1273.8726808326828
639,1,0,2,0,2,1,0.08918638699999999,483.37,1994,8274.654698738232
640,0,0,10,2,2,0,0.13564792,477.21,2005,1153.169694457492
640,1,0,10,0,2,1,0.0,473.46,1994,7509.524374155491
641,1,1,5,0,2,1,0.035997543,442.43,1994,6919.55919779802
642,6,0,6,2,1,1,0.036133463,300.44,2011,5239.799427760414
643,0,1,13,2,2,0,0.0,455.9,2005,937.8301461643454
643,1,1,13,0,2,1,0.010907967,455.9,1994,7903.728820363732
644,6,0,13,2,1,1,0.10379339900000001,275.39,2011,4124.1580815228635
644,7,0,13,0,1,1,0.104023565,281.14,2009,4245.480205722741
645,2,1,1,1,1,1,0.169137707,88.22,2014,1429.6967982355957
645,3,1,1,1,2,2,0.168871496,85.97,2016,1414.3954916065084
645,6,1,1,2,1,1,0.16815457399999997,84.47,2011,1416.7208780588892
645,7,1,1,0,1,1,0.16852746300000002,84.22,2009,1416.8120363922224
646,2,1,0,1,1,1,0.034605882000000004,239.93,2014,3769.603224734144
646,3,1,0,1,2,2,0.034551415,245.43,2016,3743.6435058691927
646,5,1,0,1,2,3,0.034244601,243.18,1992,7149.861722996899
646,6,1,0,2,1,1,0.034404732,245.43,2011,3837.4061483363034
647,2,1,10,1,1,1,0.0,120.43,2014,1816.9207068955309
647,5,1,10,1,2,3,0.017466284,113.68,1992,6368.507178931444
647,6,1,10,2,1,1,0.017547958,120.93,2011,1691.6145709524146
648,1,0,5,0,2,1,0.119285634,618.61,1994,10498.352035298782
648,3,0,5,1,2,2,0.119871307,620.86,2016,9771.861634118482
648,9,0,5,1,0,1,0.119570595,624.36,2006,10673.28015638191
649,5,1,6,1,2,3,0.012974936999999999,289.96,1992,8565.902972850396
649,6,1,6,2,1,1,0.013035608999999998,286.96,2011,5204.830073347295
649,7,1,6,0,1,1,0.013064516000000002,288.96,2009,4997.69562805402
650,3,0,6,1,2,2,0.10602747400000001,209.98,2016,3522.9369650784934
650,5,0,6,1,2,3,0.105085956,205.98,1992,7382.971822913104
650,6,0,6,2,1,1,0.105577348,214.23,2011,3578.0552655698652
650,8,0,6,2,0,1,0.105597316,208.73,2004,3663.2245209052085
650,9,0,6,1,0,1,0.105761491,212.23,2006,3530.7981268015014
651,5,1,1,1,2,3,0.0,211.48,1992,7921.381543425223
651,6,1,1,2,1,1,0.056375879000000004,211.73,2011,3213.888295546285
651,7,1,1,0,1,1,0.056500895,214.73,2009,3195.2201173498866
651,8,1,1,2,0,1,0.056386541,211.73,2004,3225.690062150113
652,1,1,3,0,2,1,0.053576661,501.44,1994,9030.523993718745
653,7,0,4,0,1,1,0.022110425,277.22,2009,4107.918008767931
654,2,0,5,1,1,1,0.022694622999999997,247.02,2014,3732.6951234083194
654,3,0,5,1,2,2,0.0,245.02,2016,3483.9535484963194
654,5,0,5,1,2,3,0.022457694,246.52,1992,7212.041898548051
654,7,0,5,0,1,1,0.022612742,242.52,2009,3722.7229822734716
655,3,0,6,1,2,2,0.078060605,240.02,2016,3692.738769419251
655,4,0,6,2,0,0,0.136119549,235.27,1992,425.9074121438103
655,5,0,6,1,2,3,0.077367431,242.52,1992,7120.444196849529
656,2,0,6,1,1,1,0.037835765,277.97,2014,3949.94511637482
656,6,0,6,2,1,1,0.03761584,272.97,2011,4002.572316040447
656,7,0,6,0,1,1,0.037699254,275.72,2009,4255.0138089640905
657,0,0,13,2,2,0,0.130095044,643.24,2005,1288.683715455008
657,1,0,13,0,2,1,0.077659918,650.74,1994,11055.458624009088
657,3,0,13,1,2,2,0.078041216,646.24,2016,10422.26577121563
657,9,0,13,1,0,1,0.07784544,651.49,2006,10148.311199807657
658,1,1,0,0,2,1,0.03150851,426.44,1994,7122.065657292373
659,2,0,4,1,1,1,0.175033524,138.82,2014,1435.9745712763288
659,4,0,4,2,0,0,0.30473738699999997,136.82,1992,415.52150307469725
659,5,0,4,1,2,3,0.17320619199999998,133.32,1992,6389.002892258258
659,8,0,4,2,0,1,0.174049032,132.32,2004,1503.5790241195925
660,2,1,6,1,1,1,0.028282832,115.69,2014,1622.0051100542723
660,3,1,6,1,2,2,0.028238317000000002,115.94,2016,1622.0051100542723
660,6,1,6,2,1,1,0.028118435,116.94,2011,1617.9610270002656
660,7,1,6,0,1,1,0.028180788999999998,117.19,2009,1617.8915454669323
660,9,1,6,1,0,1,0.028167478,113.94,2006,1627.8107665272153
661,1,2,13,0,2,1,0.066879757,436.09,1994,7443.289637083104
662,5,1,13,1,2,3,0.018472713999999998,274.89,1992,7383.298897361768
662,7,1,13,0,1,1,0.018600249,275.64,2009,4599.090269092123
663,1,0,1,0,2,1,0.081719458,445.09,1994,7186.809352691828
664,2,1,0,1,1,1,0.06320719799999999,223.46,2014,3231.0520670599067
664,5,1,0,1,2,3,0.062547321,220.96,1992,6642.463028416066
664,6,1,0,2,1,1,0.062839798,227.21,2011,3432.9620843074345
664,7,1,0,0,1,1,0.062979148,219.96,2009,3068.384051223676
665,3,1,3,1,2,2,0.140090284,662.97,2016,8306.166516898904
665,5,1,3,1,2,3,0.138846289,659.47,1992,18325.47028250926
665,7,1,3,0,1,1,0.139804885,664.47,2009,9055.785855775122
665,8,1,3,2,0,1,0.139521931,667.22,2004,8903.647046342352
666,0,0,4,2,2,0,0.07169998400000001,444.01,2005,1015.7122306737471
666,1,0,4,0,2,1,0.04280113,445.76,1994,6867.491922523737
667,5,1,10,1,2,3,0.095635061,326.99,1992,9178.314011724036
668,1,1,6,0,2,1,0.08573655,573.92,1994,10690.912397471655
668,8,1,6,2,0,1,0.0,568.67,2004,10087.052198700041
669,2,0,13,1,1,1,0.026940466,271.14,2014,4271.43029892964
669,4,0,13,2,0,0,0.04690397,276.64,1992,706.5199028391237
669,6,0,13,2,1,1,0.026783871,270.39,2011,4371.531767941001
669,7,0,13,0,1,1,0.026843265,274.39,2009,4602.722027880825
670,3,1,13,1,2,2,0.016030344,570.09,2016,10462.690275467285
670,8,1,13,2,0,1,0.015965308,573.59,2004,10815.098978299044
670,9,1,13,1,0,1,0.01599013,572.09,2006,10863.960908269497
671,1,0,1,0,2,1,0.020680498999999998,493.19,1994,8003.619655554145
671,8,0,1,2,0,1,0.020697723,497.19,2004,8123.643642096448
672,2,1,0,1,1,1,0.122274118,100.86,2014,1630.2379720553802
672,6,1,0,2,1,1,0.121563385,109.36,2011,1677.0302822212539
672,7,1,0,0,1,1,0.12183295599999999,108.86,2009,1677.1251572212539
673,0,1,2,2,2,0,0.110888167,454.07,2005,1231.0203567814785
673,1,1,2,0,2,1,0.06619442,461.07,1994,8191.081623962531
674,5,1,5,1,2,3,0.00799548,196.4,1992,7624.764533039994
674,9,1,5,1,0,1,0.008046878,196.9,2006,3295.422471526808
675,3,0,6,1,2,2,0.162147349,94.3,2016,1333.5372837825582
675,5,0,6,1,2,3,0.160707489,95.05,1992,6421.209711031037
675,6,0,6,2,1,1,0.161458973,94.55,2011,1339.0582721926694
675,7,0,6,0,1,1,0.161817014,94.55,2009,1339.0582721926694
675,8,0,6,2,0,1,0.161489509,94.05,2004,1333.298980449225
675,9,0,6,1,0,1,0.161740582,96.05,2006,1327.5750378103876
676,5,1,6,1,2,3,0.10242248699999999,328.74,1992,9672.474606594904
677,9,0,13,1,0,1,0.028988287999999997,598.06,2006,10359.943666918714
678,0,2,1,2,2,0,0.0,491.45,2005,1146.533124322378
679,3,0,3,1,2,2,0.139795569,118.09,2016,1516.1362101929371
679,6,0,3,2,1,1,0.139202085,115.34,2011,1516.8628910899029
679,8,0,3,2,0,1,0.139228412,123.84,2004,1484.710170050914
680,0,1,5,2,2,0,0.127283051,479.46,2005,1163.3283900445392
680,1,1,5,0,2,1,0.075981306,480.96,1994,8147.360422516158
681,1,1,6,0,2,1,0.131973625,469.97,1994,8167.50317559782
682,3,0,13,1,2,2,0.0,232.37,2016,3854.128327934674
682,5,0,13,1,2,3,0.041718456,236.37,1992,6986.238545407698
682,6,0,13,2,1,1,0.041913535,226.87,2011,3871.61134935679
682,7,0,13,0,1,1,0.04200648,231.62,2009,4150.909517240468
683,0,1,1,2,2,0,0.106894492,651.15,2005,1188.0070543818913
683,1,1,1,0,2,1,0.063810405,658.15,1994,12400.425516649866
683,5,1,1,1,2,3,0.063554289,659.15,1992,14374.327699298783
683,6,1,1,2,1,1,0.063851475,651.15,2011,12852.251439711647
683,8,1,1,2,0,1,0.06386355099999999,655.9,2004,12482.8030769197
683,9,1,1,1,0,1,0.063962842,657.9,2006,12323.196767297304
684,2,0,0,1,1,1,0.13115279900000001,196.58,2014,3180.3641182828596
684,3,0,0,1,2,2,0.130946374,191.83,2016,3121.4113508683945
684,5,0,0,1,2,3,0.12978357699999998,195.58,1992,7184.375938926625
684,6,0,0,2,1,1,0.13039045800000001,193.08,2011,3286.213106105458
684,8,0,0,2,0,1,0.130415118,189.83,2004,2970.117030832721
685,8,1,4,2,0,1,0.14586734699999998,485.2,2004,7958.260155144477
686,3,0,10,1,2,2,0.07995298299999999,156.96,2016,2061.4608479914878
686,4,0,10,2,0,0,0.139419417,165.21,1992,418.2315745991877
686,5,0,10,1,2,3,0.079243005,164.71,1992,6470.610469123759
686,6,0,10,2,1,1,0.079613553,162.71,2011,2463.592327609638
686,8,0,10,2,0,1,0.07962861,158.71,2004,2341.0256710917038
687,2,1,13,1,1,1,0.08154715,124.5,2014,1552.0796401439818
687,4,1,13,2,0,0,0.141975462,124.0,1992,376.7500703895138
687,5,1,13,1,2,3,0.080695806,128.25,1992,5981.758162893757
687,7,1,13,0,1,1,0.08125293,124.5,2009,1552.0796401439818
688,0,0,13,2,2,0,0.058893460999999994,447.33,2005,970.2334010234032
689,8,1,1,2,0,1,0.055558509000000006,561.77,2004,9658.278976353065
690,6,0,0,2,1,1,0.174085625,311.59,2011,6283.462627611853
691,0,0,3,2,2,0,0.208397715,663.22,2005,1302.00682184441
691,1,0,3,0,2,1,0.124402507,665.47,1994,9666.759200656497
691,3,0,3,1,2,2,0.0,657.97,2016,11130.873032678022
691,4,0,3,2,0,0,0.21799414,666.47,1992,1293.7882513102113
691,7,0,3,0,1,1,0.124758619,660.47,2009,9364.049054344563
691,8,2,3,2,0,1,0.124506117,661.97,2004,9471.101267739747
692,2,1,10,1,1,1,0.078502143,271.9,2014,4433.187193060013
692,7,1,10,0,1,1,0.07821891,269.15,2009,4863.026649403441
693,2,1,6,1,1,1,0.06457046,190.5,2014,2464.5739647131827
693,6,1,6,2,1,1,0.064195136,189.5,2011,2468.932129023043
693,7,1,6,0,1,1,0.0,185.75,2009,3140.853425446491
693,8,1,6,2,0,1,0.06420727700000001,190.0,2004,2467.1426511029836
693,9,1,6,1,0,1,0.064307102,193.25,2006,2837.7241912306686
694,1,0,6,0,2,1,0.053822086,459.57,1994,7649.225711861855
695,3,1,13,1,2,2,0.020961192,155.05,2016,1868.3935876009477
695,4,1,13,2,0,0,0.036551446,156.8,1992,358.51599667684405
695,9,1,13,1,0,1,0.020908608000000002,158.8,2006,2149.476896229129
696,7,1,13,0,1,1,0.023201357000000002,114.86,2009,1622.1972468804715
696,8,1,13,2,0,1,0.023154399,109.86,2004,1565.2892243823749
697,7,0,1,0,1,1,0.141174838,317.75,2009,5206.780335061363
698,3,1,0,1,2,2,0.062477955,218.13,2016,3051.267871708396
698,6,1,0,2,1,1,0.062212712999999996,220.38,2011,3099.5303143375463
698,7,1,0,0,1,1,0.062350672,217.38,2009,3082.95686072529
698,8,1,0,2,0,1,0.062224479000000006,220.38,2004,3119.092766775674
698,9,1,0,1,0,1,0.062321222,218.13,2006,3081.110520336874
699,2,1,3,1,1,1,0.14080050000000002,278.56,2014,4040.5080420303425
699,5,1,3,1,2,3,0.139330557,273.81,1992,7717.920143572992
699,7,1,3,0,1,1,0.140292495,271.31,2009,4452.757014474117
700,0,0,4,2,2,0,0.14975313199999998,649.4,2005,1275.282417435159
700,1,0,4,0,2,1,0.089394766,650.4,1994,12637.143092630335
700,9,0,4,1,0,1,0.08960832099999999,655.4,2006,11172.621042942015
701,1,1,10,0,2,1,0.012447775,494.03,1994,7657.228775113563
701,8,1,10,2,0,1,0.012458143,490.78,2004,7146.607232793894
702,2,1,5,1,1,1,0.08286768900000001,146.4,2014,1612.5744438964907
702,3,1,5,1,2,2,0.08273726099999999,143.4,2016,1573.4916163696178
702,5,1,5,1,2,3,0.082002559,148.15,1992,6202.787258694067
702,6,1,5,2,1,1,0.082386011,141.65,2011,1569.5009944889366
702,7,1,5,0,1,1,0.082568705,140.4,2009,1575.4138192558917
702,9,1,5,1,0,1,0.08252970400000001,142.4,2006,1564.4998071873138
703,1,1,6,0,2,1,0.044155597000000005,447.08,1994,6921.467408873172
704,5,1,6,1,2,3,0.029510313,354.96,1992,9589.556652715994
705,2,1,13,1,1,1,0.12412675599999999,222.38,2014,3574.320474738108
705,3,1,13,1,2,2,0.0,226.38,2016,3886.4656233279
705,4,1,13,2,0,0,0.216107535,217.13,1992,398.623405395348
705,5,1,13,1,2,3,0.122830885,217.38,1992,6532.131624743276
705,7,1,13,0,1,1,0.12367891,222.38,2009,3622.0751613764032
705,8,1,13,2,0,1,0.123428594,222.88,2004,3676.5873012161887
706,5,1,13,1,2,3,0.076387367,280.38,1992,7388.568371894577
706,6,1,13,2,1,1,0.076744561,283.63,2011,4799.02266672811
706,7,1,13,0,1,1,0.076914745,287.13,2009,4940.718583049571
707,2,0,1,1,1,1,0.11184963,161.71,2014,3043.166811375458
707,3,2,1,1,2,2,0.11167358699999999,164.46,2016,3113.5082525852263
707,5,2,1,1,2,3,0.110681931,158.21,1992,6929.172569290447
707,7,0,1,0,1,1,0.11144608,161.71,2009,3037.565833684983
707,8,0,1,2,0,1,0.111220521,164.46,2004,3171.1922398369875
708,2,1,0,1,1,1,0.047152554000000006,275.39,2014,4557.511414303999
708,6,1,0,2,1,1,0.046878474,274.64,2011,4606.856378250003
708,7,1,0,0,1,1,0.046982429000000006,270.39,2009,4964.993961177401
709,6,0,3,2,1,1,0.031938827999999995,285.37,2011,4890.868420488858
709,7,0,3,0,1,1,0.032009653,293.12,2009,4832.537384149278
710,2,0,5,1,1,1,0.014098693,93.05,2014,1456.410293343335
710,4,0,5,2,0,0,0.024546147999999997,86.55,1992,197.18829330999026
710,5,0,5,1,2,3,0.013951503999999998,91.8,1992,6017.941907058282
710,7,0,5,0,1,1,0.014047825,91.8,2009,1463.9274725069574
710,9,0,5,1,0,1,0.01404119,96.05,2006,1428.9314568093716
711,3,1,6,1,2,2,0.156679617,597.13,2016,9289.89798985632
711,8,1,6,2,0,1,0.15604396,599.13,2004,9817.606515313557
711,9,1,6,1,0,1,0.156286566,597.38,2006,9849.057254396788
712,2,1,13,1,1,1,0.029662795,263.16,2014,4268.829996521326
712,4,1,13,2,0,0,0.051643608,268.41,1992,718.6115251609765
712,6,1,13,2,1,1,0.029490377,269.16,2011,4448.027042285098
712,7,1,13,0,1,1,0.029555772999999997,264.91,2009,4778.231407839024
713,2,0,1,1,1,1,0.12961476,215.46,2014,3478.9543039718837
713,5,2,1,1,2,3,0.0,219.21,1992,7581.198337419542
713,6,0,1,2,1,1,0.128861359,215.71,2011,3491.1223130474173
713,7,0,1,0,1,1,0.0,221.96,2009,3431.5705059815996
713,8,0,1,2,0,1,0.12888573,219.21,2004,3505.7755526813517
713,9,0,1,1,0,1,0.129086113,223.71,2006,3567.312987676742
714,2,0,3,1,1,1,0.079794329,200.41,2014,3389.233078732815
714,3,0,3,1,2,2,0.079668739,199.16,2016,3055.5294199993887
714,6,0,3,2,1,1,0.0,199.41,2011,3077.7568287043528
714,7,0,3,0,1,1,0.079506434,195.91,2009,3053.3397561970837
715,8,0,4,2,0,1,0.055433377,552.78,2004,9074.893440689808
716,5,2,10,1,2,3,0.032024659,156.8,1992,6023.5562655748
716,8,0,10,2,0,1,0.032180494,153.05,2004,1788.692513418962
716,9,0,10,1,0,1,0.032230526,153.55,2006,1783.229143665665
717,2,0,5,1,1,1,0.005505481,256.0,2014,3765.8171700797448
717,3,0,5,1,2,2,0.005496816,257.0,2016,3466.2023826942614
717,4,0,5,2,0,0,0.009585169000000001,256.25,1992,514.0419872679603
717,5,0,5,1,2,3,0.005448005,255.25,1992,7625.561353759368
717,6,0,5,2,1,1,0.00547348,251.25,2011,3867.0558501800106
717,7,0,5,0,1,1,0.005485618,248.25,2009,4006.4920622211325
718,0,1,6,2,2,0,0.064871045,655.31,2005,1193.5459624471537
718,1,1,6,0,2,1,0.038724612,659.81,1994,11703.710790387622
718,6,1,6,2,1,1,0.038749536,655.06,2011,11186.073059495839
718,8,1,6,2,0,1,0.038756864,651.81,2004,11928.357335513905
718,9,1,6,1,0,1,0.038817121,656.56,2006,11515.233320300136
719,5,0,13,1,2,3,0.102941345,355.12,1992,8995.169902577858
720,5,1,1,1,2,3,0.04368089,275.39,1992,7689.241255706276
720,6,1,1,2,1,1,0.043885147,271.89,2011,4510.7578134386495
720,7,1,1,0,1,1,0.043982464000000006,276.64,2009,4936.222057816273
721,1,0,0,0,2,1,0.032421521,454.17,1994,8010.574065897018
722,8,1,3,2,0,1,0.18416771199999998,534.48,2004,9397.14517580121
723,2,0,4,1,1,1,0.024331586000000002,87.47,2014,1407.3399350582724
723,3,2,4,1,2,2,0.02429329,83.72,2016,1403.9039740527878
723,6,0,4,2,1,1,0.024190156,86.22,2011,1403.3857497358313
723,8,0,4,2,0,1,0.024194731,90.47,2004,1475.8976161503713
724,0,0,10,2,2,0,0.016735879,463.15,2005,1258.3877270866092
725,2,0,5,1,1,1,0.10764721,98.46,2014,1412.9582283399045
725,3,0,5,1,2,2,0.0,102.21,2016,1667.809373343189
725,6,0,5,2,1,1,0.107021498,101.46,2011,1415.8607971661143
725,7,0,5,0,1,1,0.10725882199999999,100.46,2009,1411.439661284902
726,1,1,6,0,2,1,0.07725473599999999,644.08,1994,12630.960830846503
726,3,1,6,1,2,2,0.077634044,641.08,2016,11183.283135558815
726,8,1,6,2,0,1,0.077319079,638.58,2004,11257.879441853182
726,9,1,6,1,0,1,0.0,641.58,2006,11007.114194330055
727,5,1,13,1,2,3,0.012203915,333.07,1992,9627.998903075766
728,2,1,13,1,1,1,0.062395455,144.14,2014,1498.720989324882
728,3,1,13,1,2,2,0.062297249000000006,151.64,2016,1675.0856074286526
728,7,1,13,0,1,1,0.062170334,152.39,2009,1669.1284355320195
728,8,1,13,2,0,1,0.062044506,143.64,2004,1476.5841829592837
729,0,1,1,2,2,0,0.049163320999999996,466.14,2005,1630.1225749905989
730,0,1,0,2,2,0,0.083056555,561.02,2005,1270.57584958297
730,1,1,0,0,2,1,0.049580407,568.52,1994,10028.021039027823
730,3,1,0,1,2,2,0.049823839,566.52,2016,9332.430426224979
730,8,1,0,2,0,1,0.049621701,565.27,2004,9864.117514855036
731,0,0,3,2,2,0,0.0,469.3,2005,1443.746885216759
732,5,1,4,1,2,3,0.127108578,301.86,1992,9234.522624301606
732,6,1,4,2,1,1,0.12770295,301.11,2011,5153.716531138684
733,0,1,10,2,2,0,0.071440118,455.74,2005,1069.005450054847
734,3,1,5,1,2,2,0.048860587000000004,650.57,2016,11880.7756345677
734,8,1,5,2,0,1,0.048662357,654.32,2004,12472.842543296701
734,9,1,5,1,0,1,0.048738014,655.32,2006,11938.384668750676
735,1,1,6,0,2,1,0.14492016,436.77,1994,6932.156482732385
736,5,0,6,1,2,3,0.041194986,97.79,1992,6068.155318131414
736,6,2,6,2,1,1,0.041387618,100.29,2011,1501.8181348515388
736,7,0,6,0,1,1,0.041479396,92.04,2009,1482.0899360840287
736,8,0,6,2,0,1,0.041395445,94.04,2004,1466.4139921019068
736,9,0,6,1,0,1,0.041459803999999996,98.04,2006,1519.8280605911982
737,1,0,13,0,2,1,0.020374875,620.02,1994,10748.914070863639
737,3,0,13,1,2,2,0.020474913,621.02,2016,11033.86146229654
737,8,0,13,2,0,1,0.020391845,622.27,2004,11848.973043189926
737,9,0,13,1,0,1,0.020423549,622.52,2006,11650.293770013463
738,3,0,13,1,2,2,0.11255385300000001,147.56,2016,1645.3502439958804
738,5,0,13,1,2,3,0.111554381,149.56,1992,5668.178636223771
738,6,0,13,2,1,1,0.11207602,145.06,2011,1620.9812712652842
738,7,0,13,0,1,1,0.112324552,151.56,2009,2059.8685842181258
738,9,0,13,1,0,1,0.11227149800000001,145.56,2006,1616.6562822456258
739,3,1,1,1,2,2,0.075035902,197.0,2016,3093.1000054462606
739,7,1,1,0,1,1,0.074883035,199.75,2009,3109.5752725518014
739,8,1,1,2,0,1,0.074731477,194.0,2004,3190.2683798897356
739,9,1,1,1,0,1,0.074847665,197.25,2006,3107.7039921167493
740,3,1,0,1,2,2,0.186616421,196.58,2016,3461.0025806825224
740,5,1,0,1,2,3,0.0,189.83,1992,7754.1961792410275
740,6,1,0,2,1,1,0.185824165,196.33,2011,3489.248844360618
740,7,1,0,0,1,1,0.18623623600000003,196.83,2009,3468.5208235857954
740,8,1,0,2,0,1,0.0,190.58,2004,2855.022440326058
740,9,1,0,1,0,1,0.18614827,195.58,2006,3521.6872449011375
741,6,0,3,2,1,1,0.05074138,308.02,2011,5038.88158479067
741,7,0,3,0,1,1,0.05085390099999999,304.27,2009,5148.962173422016
742,5,1,4,1,2,3,0.067624438,302.36,1992,8537.134080166352
742,6,1,4,2,1,1,0.067940657,297.61,2011,5072.935158542528
742,7,1,4,0,1,1,0.068091318,301.61,2009,4981.107652353973
743,1,1,10,0,2,1,0.06952926200000001,582.9,1994,9795.91681497469
743,8,1,10,2,0,1,0.06958717099999999,586.65,2004,9427.667641600488
744,1,0,6,0,2,1,0.012437935,474.97,1994,7339.731126300808
745,0,1,6,2,2,0,0.10985775,472.05,2005,1401.2280261643612
746,2,0,13,1,1,1,0.17533647100000002,267.74,2014,3781.131366376225
746,6,0,13,2,1,1,0.174317307,266.99,2011,3908.5717242406995
746,7,0,13,0,1,1,0.174703862,260.24,2009,4249.643295932652
747,3,2,0,1,2,2,0.11172787599999999,84.97,2016,1522.8630435834073
747,5,0,0,1,2,3,0.110735739,88.22,1992,6207.561169247979
747,7,0,0,0,1,1,0.111500259,89.22,2009,1625.9890713849386
747,8,0,0,2,0,1,0.11127459099999999,87.72,2004,1529.6659169756965
748,1,0,3,0,2,1,0.035240817,638.75,1994,11725.695203385563
749,3,0,4,1,2,2,0.057771828,213.39,2016,3264.0828347226043
749,7,0,4,0,1,1,0.057654132000000004,207.89,2009,3567.9837528274898
749,9,0,4,1,0,1,0.0576269,208.39,2006,3575.4208774831764
750,5,0,5,1,2,3,0.09533143300000001,313.92,1992,8818.86749964371
750,6,0,5,2,1,1,0.0,313.17,2011,5611.438191733633
750,7,0,5,0,1,1,0.095989602,318.42,2009,5059.689002312128
751,2,0,6,1,1,1,0.020664178000000002,127.08,2014,1672.7573963899686
751,3,0,6,1,2,2,0.020631654,125.33,2016,1569.4853193240397
751,6,0,6,2,1,1,0.020544065,124.83,2011,1558.5026049794267
751,7,0,6,0,1,1,0.020589623,133.08,2009,1723.3552647246072
751,8,0,6,2,0,1,0.020547951000000002,128.08,2004,1728.1521089937978
751,9,0,6,1,0,1,0.020579897,130.33,2006,1722.7418456374937
752,7,0,6,0,1,1,0.10319540099999999,294.62,2009,4587.27307305818
753,3,0,13,1,2,2,0.057546914000000005,139.74,2016,1459.3205938143772
753,6,0,13,2,1,1,0.057302606,133.49,2011,1562.8810894058058
753,8,0,13,2,0,1,0.057313443,133.49,2004,1562.8810894058058
754,2,0,13,1,1,1,0.030981392000000003,129.75,2014,1605.5641259591162
754,3,0,13,1,2,2,0.03093263,128.75,2016,1602.8082025306653
754,4,0,13,2,0,0,0.053939315,130.25,1992,446.55022995512024
754,5,0,13,1,2,3,0.030657949,126.25,1992,5709.755771124878
754,6,0,13,2,1,1,0.0,131.0,2011,1922.7412088935152
754,7,0,13,0,1,1,0.030869612,124.5,2009,1456.1923323332396
755,5,1,1,1,2,3,0.02439015,239.77,1992,7108.080411758809
755,7,1,1,0,1,1,0.02455854,239.02,2009,3589.6890933188065
756,1,2,0,0,2,1,0.045916788,497.02,1994,8851.740719718011
756,8,0,0,2,0,1,0.04595503099999999,497.77,2004,8524.108433182393
757,2,0,3,1,1,1,0.152261999,264.32,2014,3687.5193407736906
757,5,0,3,1,2,3,0.150672399,261.82,1992,6958.784795106231
757,6,0,3,2,1,1,0.151376958,270.57,2011,3768.8759026649886
757,7,0,3,0,1,1,0.15171264199999998,262.07,2009,3972.808970999716
758,3,1,4,1,2,2,0.10867990599999999,239.19,2016,3535.122434262471
758,5,1,4,1,2,3,0.10771483400000001,244.69,1992,7212.055877260233
758,6,1,4,2,1,1,0.10821852,240.94,2011,3649.7140507098884
758,7,1,4,0,1,1,0.10845849800000001,242.44,2009,3670.2320340103
759,4,1,10,2,0,0,0.019117392,276.64,1992,639.9481210737505
760,3,1,5,1,2,2,0.04762278599999999,615.54,2016,9080.41627125165
760,8,1,5,2,0,1,0.047429578,614.54,2004,9827.949578703128
760,9,1,5,1,0,1,0.047503317999999996,611.54,2006,9645.356939093663
761,3,1,6,1,2,2,0.116063284,147.81,2016,1553.850833723347
761,5,1,6,1,2,3,0.115032648,145.06,1992,6230.520878782322
761,6,1,6,2,1,1,0.115570552,143.81,2011,1479.8330431891807
761,7,1,6,0,1,1,0.115826834,140.06,2009,1406.6254614222894
762,0,0,13,2,2,0,0.031860325,587.81,2005,1334.5178488973822
762,1,0,13,0,2,1,0.019018943,596.81,1994,10926.517485364422
762,9,0,13,1,0,1,0.019064377,595.56,2006,10598.04137140297
763,3,0,1,1,2,2,0.015976248999999998,575.67,2016,9729.484159017004
763,9,0,1,1,0,1,0.0,573.67,2006,9873.401555916906
764,7,0,0,0,1,1,0.075701524,311.6,2009,4946.948524794084
765,1,0,4,0,2,1,0.102426197,576.59,1994,9988.849575515089
765,8,0,4,2,0,1,0.102511504,576.59,2004,9517.56605782728
765,9,0,4,1,0,1,0.10267088199999999,571.59,2006,9434.865093511264
766,6,0,5,2,1,1,0.005547386,303.85,2011,5664.386121884371
767,3,0,6,1,2,2,0.027426689,243.26,2016,3450.6841093083312
767,5,2,6,1,2,3,0.027183141,249.26,1992,6690.502895526454
767,6,0,6,2,1,1,0.027310252,252.51,2011,3846.978082408799
768,5,1,13,1,2,3,0.06627464,135.49,1992,5650.073417586926
768,9,1,13,1,0,1,0.06670068,138.24,2006,1320.5804828668797
769,2,1,13,1,1,1,0.045950475,95.71,2014,1322.821035530067
769,3,1,13,1,2,2,0.045878153,96.46,2016,1335.960390319701
769,9,1,13,1,0,1,0.045763062,96.21,2006,1321.5998429643278
770,5,0,1,1,2,3,0.092145264,301.77,1992,8436.240817964486
770,6,0,1,2,1,1,0.092576144,302.52,2011,4984.889990258084
770,7,0,1,0,1,1,0.092781435,299.27,2009,4975.636477890925
771,0,1,0,2,2,0,0.126791761,655.39,2005,1356.247688034572
771,1,1,0,0,2,1,0.075688032,657.39,1994,12077.62156565637
771,3,1,0,1,2,2,0.076059648,662.89,2016,10790.39006892586
771,5,1,0,1,2,3,0.075384242,656.89,1992,16021.654538097286
771,6,1,0,2,1,1,0.075736746,663.89,2011,11068.385518241856
771,7,1,0,0,1,1,0.075904695,659.89,2009,11572.031409197065
771,8,1,0,2,0,1,0.07575107,657.14,2004,11812.672709226817
771,9,1,0,1,0,1,0.07586884299999999,654.39,2006,12503.74888746926
772,0,0,4,2,2,0,0.058168807,623.94,2005,1316.5569244001304
772,8,0,4,2,0,1,0.034752647000000005,621.94,2004,10885.88328607182
773,2,1,10,1,1,1,0.0,91.63,2014,1508.0943684591684
773,7,1,10,0,1,1,0.0,94.88,2009,1479.0608786051243
773,8,1,10,2,0,1,0.026602089,87.88,2004,1309.886310451517
773,9,1,10,1,0,1,0.026643447999999997,94.88,2006,1369.1462127986836
774,7,1,5,0,1,1,0.0,206.48,2009,3732.667127075901
774,9,1,5,1,0,1,0.058365705999999996,205.48,2006,3587.459203035769
775,1,1,6,0,2,1,0.0,434.11,1994,7670.153146996839
776,5,1,6,1,2,3,0.021353642000000003,305.27,1992,8744.26753836114
776,6,1,6,2,1,1,0.021453492999999997,300.77,2011,5380.584140726595
776,7,1,6,0,1,1,0.021501067000000002,305.52,2009,5404.8251773540915
777,2,1,13,1,1,1,0.077154417,89.39,2014,1297.1880413347546
777,4,1,13,2,0,0,0.134327613,87.64,1992,267.8728432473871
777,5,1,13,1,2,3,0.076348933,82.14,1992,5541.968991580894
777,6,1,13,2,1,1,0.076705948,86.89,2011,1159.3318322985142
777,7,1,13,0,1,1,0.07687604599999999,82.89,2009,1148.6170988490578
777,9,1,13,1,0,1,0.076839735,87.39,2006,1163.2734185036425
778,6,0,13,2,1,1,0.09327891199999999,296.78,2011,5075.320891432238
779,2,1,0,1,1,1,0.140955857,230.53,2014,3536.4147766426577
779,4,1,0,2,0,0,0.245407386,232.03,1992,429.1286068452941
779,5,1,0,1,2,3,0.13948429199999998,235.78,1992,7144.179129853467
780,2,0,3,1,1,1,0.026832182000000003,143.31,2014,1538.6499427475044
780,3,2,3,1,2,2,0.02678995,147.31,2016,1588.8943640712928
780,5,0,3,1,2,3,0.026552056,140.56,1992,5794.446187802791
780,6,0,3,2,1,1,0.026676216000000003,142.56,2011,1538.6499427475044
780,7,0,3,0,1,1,0.026735372,143.56,2009,1565.068781889716
780,8,0,3,2,0,1,0.026681262,141.06,2004,1535.3213100812873
780,9,0,3,1,0,1,0.026722744,148.06,2006,1669.4762903739304
781,5,1,4,1,2,3,0.042412572,297.7,1992,8408.756213060331
781,6,1,4,2,1,1,0.042610897,293.2,2011,4809.134112580691
782,2,1,10,1,1,1,0.172446822,117.84,2014,1209.709274645968
782,5,1,10,1,2,3,0.17064649399999998,115.84,1992,5377.007004113718
782,9,1,10,1,0,1,0.17174348,122.09,2006,1178.226514788019
783,8,1,6,2,0,1,0.024991056,544.88,2004,9570.969996550826
784,5,0,6,1,2,3,0.025841875,301.85,1992,8433.096235724735
784,6,0,6,2,1,1,0.025962713999999998,302.35,2011,5451.7096611181005
785,3,1,13,1,2,2,0.135258515,118.1,2016,1231.4885663706816
785,4,1,13,2,0,0,0.23585940800000002,115.35,1992,200.37508024246733
785,5,1,13,1,2,3,0.134057426,113.35,1992,5236.79405948839
785,6,1,13,2,1,1,0.13468429199999998,117.6,2011,1242.6408885407545
785,9,1,13,1,0,1,0.134919202,117.35,2006,1242.6408885407545
786,5,2,13,1,2,3,0.074830794,314.76,1992,8028.84782628336
786,7,0,13,0,1,1,0.075347426,315.76,2009,5102.690640216423
787,5,0,1,1,2,3,0.078831762,247.43,1992,6980.286772445859
787,7,0,1,0,1,1,0.0,249.68,2009,4115.940375456486
788,3,0,0,1,2,2,0.046459438,251.35,2016,3905.569218465693
788,4,0,0,2,0,0,0.081014461,247.1,1992,512.1991914802703
788,5,0,0,1,2,3,0.0,250.35,1992,7942.0765575131145
788,6,0,0,2,1,1,0.046262200999999996,244.6,2011,3820.835076519816
789,3,1,3,1,2,2,0.10493392800000001,196.99,2016,3234.1698417104712
789,5,1,3,1,2,3,0.10400212,199.49,1992,7051.857943290239
789,6,1,3,2,1,1,0.104488444,194.74,2011,3277.714313551476
789,8,1,3,2,0,1,0.0,198.99,2004,2858.4263270932297
790,0,0,4,2,2,0,0.138171603,478.63,2005,1520.1669223535325
790,1,0,4,0,2,1,0.0824812,479.13,1994,8030.39231884481
791,2,0,10,1,1,1,0.036241797,143.39,2014,1425.9954268663055
791,3,0,10,1,2,2,0.036184755,146.39,2016,1475.165169180488
791,5,0,10,1,2,3,0.035863436,145.89,1992,5834.786673186593
791,6,0,10,2,1,1,0.036031137000000005,151.14,2011,1732.4837151305553
791,7,0,10,0,1,1,0.036111038,145.39,2009,1469.2277540383152
791,8,2,10,2,0,1,0.036037952000000005,146.14,2004,1422.408607706387
792,0,0,5,2,2,0,0.062606583,480.62,2005,1320.9077111794845
792,1,0,5,0,2,1,0.037372847,481.87,1994,7855.638242588089
793,1,1,6,0,2,1,0.0,596.64,1994,10883.970650333278
794,5,1,13,1,2,3,0.035334201,288.38,1992,7788.38124674844
795,2,1,13,1,1,1,0.011189235,216.64,2014,3542.4099303122903
795,5,1,13,1,2,3,0.011072421,213.39,1992,8065.635954231183
795,7,1,13,0,1,1,0.011148865,212.14,2009,3644.0848239718202
795,8,1,13,2,0,1,0.011126299999999999,218.14,2004,3652.197762404374
795,9,1,13,1,0,1,0.011143598999999999,220.64,2006,3649.365120581827
796,3,1,3,1,2,2,0.030819397000000002,215.14,2016,2903.9717670583595
796,6,1,3,2,1,1,0.030688557,214.39,2011,2950.551449189138
796,7,1,3,0,1,1,0.03075661,215.64,2009,2901.80499294625
796,9,1,3,1,0,1,0.030742082999999996,213.89,2006,2970.7047951352224
797,5,1,4,1,2,3,0.07480619599999999,282.29,1992,7885.554995955845
797,7,1,4,0,1,1,0.075322658,290.79,2009,4580.734190555241
798,1,1,10,0,2,1,0.09643335900000001,446.26,1994,7199.5569111507775
799,3,0,6,1,2,2,0.036057562,650.82,2016,11252.618176986392
799,9,0,6,1,0,1,0.035967107000000005,650.82,2006,11489.60358445542
800,1,0,6,0,2,1,0.044377096,464.57,1994,7812.093387938879
801,0,1,13,2,2,0,0.04855968,471.22,2005,1585.1807984546765
802,1,0,4,0,2,1,0.060495243,424.53,1994,6560.632454943798
803,2,0,6,1,1,1,0.0,276.06,2014,3727.296884415463
803,5,0,6,1,2,3,0.031131455,277.56,1992,7049.208387502712
803,7,0,6,0,1,1,0.031346387,276.81,2009,4032.2037879711993
804,3,0,6,1,2,2,0.028711412000000002,99.86,2016,1421.4108013967643
804,5,0,6,1,2,3,0.028456456,108.86,1992,5891.124755368555
804,7,0,6,0,1,1,0.028652919,101.36,2009,1424.0015003141073
805,2,1,13,1,1,1,0.067083367,110.03,2014,1288.5257087740372
805,4,1,13,2,0,0,0.11679368400000001,102.53,1992,240.7293460423638
805,6,1,13,2,1,1,0.06669343700000001,105.78,2011,1291.2440218932304
805,7,1,13,0,1,1,0.0,104.28,2009,1471.5483388611706
805,8,1,13,2,0,1,0.0,104.53,2004,1471.5483388611706
806,2,1,0,1,1,1,0.06121901,250.1,2014,3957.4957492480403
806,3,1,0,1,2,2,0.061122656,250.1,2016,3826.958766386818
806,6,1,0,2,1,1,0.060863167,244.1,2011,3757.919029281541
807,3,1,3,1,2,2,0.027723342,224.21,2016,3039.0698193522876
807,5,1,3,1,2,3,0.02747716,219.96,1992,6367.413322944946
807,9,1,3,1,0,1,0.027653795,220.21,2006,2822.6593505444525
808,6,0,4,2,1,1,0.044489064,223.71,2011,3421.256536364299
808,9,0,4,1,0,1,0.044566659,221.46,2006,3327.6091864688296
809,2,0,10,1,1,1,0.146999264,259.41,2014,4022.048667618909
809,3,0,10,1,2,2,0.14676789699999998,255.91,2016,3784.72550488674
809,4,0,10,2,0,0,0.255929096,258.41,1992,768.7267816203447
809,5,0,10,1,2,3,0.145464606,264.41,1992,6075.088207776588
810,2,1,5,1,1,1,0.083399788,86.39,2014,1220.0613879340976
810,3,1,5,1,2,2,0.083268523,82.39,2016,1213.3814637158243
810,4,1,5,2,0,0,0.145200948,88.64,1992,236.0413901224837
810,6,1,5,2,1,1,0.08291501700000001,87.39,2011,1222.7188555916066
810,8,1,5,2,0,1,0.08293069900000001,88.14,2004,1235.9031754859354
810,9,1,5,1,0,1,0.08305963400000001,89.39,2006,1330.1914258237562
811,5,1,6,1,2,3,0.059511812000000004,320.17,1992,8633.835278094184
812,5,0,13,1,2,3,0.170254469,312.18,1992,7576.410798159477
813,5,0,1,1,2,3,0.105324246,314.26,1992,8795.974152526353
813,6,0,1,2,1,1,0.10581675300000001,315.01,2011,4984.551551015438
813,7,0,1,0,1,1,0.106051405,311.01,2009,4963.317025081567
814,1,0,3,0,2,1,0.045614252,553.86,1994,9494.782401385724
814,3,0,3,1,2,2,0.045838211,556.36,2016,8907.017864002757
815,1,1,4,0,2,1,0.076097073,483.95,1994,8216.356878331571
815,8,1,4,2,0,1,0.07616045099999999,490.7,2004,8106.016392280981
816,2,1,10,1,1,1,0.04021623,226.13,2014,3678.8809184489382
816,4,1,10,2,0,0,0.07001738099999999,223.38,1992,483.56791835685516
816,7,1,10,0,1,1,0.040071131,218.38,2009,3363.168704109425
817,2,1,5,1,1,1,0.0,87.89,2014,1399.4702733376537
817,3,1,5,1,2,2,0.160379061,84.14,2016,1081.8826160153174
817,5,1,5,1,2,3,0.158954903,87.39,1992,6050.723766296864
817,6,1,5,2,1,1,0.159698192,80.14,2011,1064.9642612260295
817,8,1,5,2,0,1,0.159728395,85.89,2004,1076.7848160153173
818,0,0,6,2,2,0,0.178622919,444.84,2005,1334.9277680462321
819,2,0,6,1,1,1,0.089210159,160.63,2014,2291.8650437784827
819,3,0,6,1,2,2,0.089069748,156.88,2016,2106.780581504625
819,4,0,6,2,0,0,0.155316936,160.38,1992,414.15715300129716
819,6,0,6,2,1,1,0.088691614,154.63,2011,2058.6306899198253
819,7,2,6,0,1,1,0.088888291,161.88,2009,2204.0535223743377
819,9,0,6,1,0,1,0.088846306,153.63,2006,2046.6544014752396
820,3,1,13,1,2,2,0.027454997000000002,645.33,2016,10600.986734034943
820,8,1,13,2,0,1,0.02734361,644.58,2004,10850.05824641537
820,9,1,13,1,0,1,0.027386122000000002,648.08,2006,10670.653739284908
821,3,1,13,1,2,2,0.011472001,188.01,2016,2580.3504964220283
821,7,1,13,0,1,1,0.011448628999999998,182.26,2009,2472.719361849775
821,9,1,13,1,0,1,0.011443222,183.76,2006,2470.252756274415
822,5,0,0,1,2,3,0.026174636,317.76,1992,8444.508695642317
822,7,0,0,0,1,1,0.026355345,317.76,2009,5482.648513098482
823,0,1,3,2,2,0,0.139785104,490.61,2005,1378.7432923556414
823,1,1,3,0,2,1,0.083444376,489.61,1994,8221.535520103422
824,2,0,4,1,1,1,0.102349519,131.99,2014,1409.1902946932698
824,3,0,4,1,2,2,0.10218842800000001,135.99,2016,1345.1538457074387
824,4,0,4,2,0,0,0.17819286399999998,137.49,1992,476.6364872090207
824,5,0,4,1,2,3,0.101281,137.74,1992,5871.75432284924
824,6,0,4,2,1,1,0.1017546,137.99,2011,1352.2477051205315
824,7,2,4,0,1,1,0.101980245,135.99,2009,1333.7732302531658
824,9,0,4,1,0,1,0.101932076,136.49,2006,1355.668284111746
825,1,0,10,0,2,1,0.007273831,491.61,1994,7596.520223459839
825,8,2,10,2,0,1,0.007279889,498.36,2004,7179.5533504702435
826,2,0,5,1,1,1,0.0,180.51,2014,2699.81498010795
826,6,0,5,2,1,1,0.014689006000000001,186.26,2011,2603.673752104816
826,7,0,5,0,1,1,0.014721578999999999,182.76,2009,2449.1592789267384
826,8,0,5,2,0,1,0.014691784,185.26,2004,2558.422287808041
827,2,0,6,1,1,1,0.077290355,111.27,2014,1452.139057004089
827,5,0,6,1,2,3,0.076483451,108.52,1992,5719.55996186361
827,9,0,6,1,0,1,0.076975118,115.52,2006,1474.7273547412995
828,1,1,6,0,2,1,0.039811272,478.3,1994,8095.757485954869
829,1,0,13,0,2,1,0.045009952,467.14,1994,8006.074511117698
830,2,0,1,1,1,1,0.054514169,211.14,2014,3167.598727318517
830,3,0,1,1,2,2,0.054428368,212.39,2016,3142.5229510696295
830,4,0,1,2,0,0,0.094910421,211.39,1992,431.822475532796
830,6,0,1,2,1,1,0.054197299000000004,208.89,2011,3298.440313903997
830,9,0,1,1,0,1,0.0,213.89,2006,3165.022694262991
831,2,1,0,1,1,1,0.051908824000000006,195.41,2014,2417.025954201969
831,3,1,0,1,2,2,0.051827122999999996,193.66,2016,2434.765151617602
831,5,1,0,1,2,3,0.051366901,192.66,1992,6267.452722698502
831,9,1,0,1,0,1,0.051697108,198.16,2006,2427.5017849878714
832,3,0,3,1,2,2,0.025932407999999997,661.81,2016,10593.137358109325
832,5,0,3,1,2,3,0.025702129,656.56,1992,16972.496262834036
832,6,0,3,2,1,1,0.025822315,656.81,2011,11123.001856590887
832,7,0,3,0,1,1,0.025879577,663.06,2009,10852.28972362164
832,8,0,3,2,0,1,0.025827199,658.06,2004,11124.981994500184
832,9,0,3,1,0,1,0.025867353,661.56,2006,10968.280327161685
833,7,1,5,0,1,1,0.12176716800000001,297.37,2009,5153.062126047775
834,5,1,6,1,2,3,0.013529883999999999,265.65,1992,7065.406906884045
834,7,1,6,0,1,1,0.013623294,273.4,2009,3885.0170080647254
835,1,1,13,0,2,1,0.065841719,449.67,1994,7542.318936856418
836,0,0,1,2,2,0,0.080387424,548.04,2005,1244.4335507713865
836,3,2,1,1,2,2,0.0,544.04,2016,9878.973612740718
836,8,0,1,2,0,1,0.048027043,547.29,2004,8896.881034563266
837,0,1,0,2,2,0,0.196438668,486.53,2005,1292.9089370483211
837,1,1,0,0,2,1,0.0,493.03,1994,8231.175936941854
838,5,1,4,1,2,3,0.037516862000000005,310.93,1992,8292.844233093869
838,7,1,4,0,1,1,0.0,309.93,2009,5580.719435562038
839,6,1,10,2,1,1,0.024536636,265.33,2011,4107.522199500338
840,5,1,5,1,2,3,0.0,326.33,1992,10257.806250094236
841,2,1,6,1,1,1,0.14349595199999998,221.88,2014,3430.9896045991563
841,5,1,6,1,2,3,0.141997869,226.38,1992,6693.790989699128
841,7,1,6,0,1,1,0.14297822300000002,218.63,2009,3368.497376505542
841,8,1,6,2,0,1,0.142688846,221.38,2004,3469.9472998893025
842,5,2,6,1,2,3,0.147663025,265.07,1992,6753.539075461473
843,2,1,13,1,1,1,0.026067434,197.08,2014,2415.319375719409
843,5,1,13,1,2,3,0.025795292999999997,200.58,1992,6236.70449343133
843,7,1,13,0,1,1,0.025973384,199.08,2009,2447.17912874411
843,8,1,13,2,0,1,0.025920816,203.08,2004,3128.5534892169094
843,9,1,13,1,0,1,0.025961116,201.08,2006,2665.098901701844
844,2,0,1,1,1,1,0.049058014000000004,156.8,2014,1900.0064595624915
844,3,0,1,1,2,2,0.048980800000000005,154.8,2016,1875.197385975273
844,5,0,1,1,2,3,0.048545853,150.3,1992,5931.023144414959
844,9,0,1,1,0,1,0.048857925,152.55,2006,1890.4705902401936
845,2,0,3,1,1,1,0.098438394,127.83,2014,1506.636321394358
845,3,0,3,1,2,2,0.098283459,128.33,2016,1516.975698992447
845,4,0,3,2,0,0,0.17138350600000002,126.33,1992,435.7919930454354
845,5,0,3,1,2,3,0.097410707,131.83,1992,5869.424944148038
845,6,0,3,2,1,1,0.09786620900000001,127.83,2011,1550.5880974388062
845,7,0,3,0,1,1,0.09808323099999999,125.83,2009,1508.6829294310069
845,8,0,3,2,0,1,0.09788471800000001,131.33,2004,1550.0335360981348
845,9,0,3,1,0,1,0.09803690300000001,128.83,2006,1570.995032421511
846,3,1,4,1,2,2,0.038367194,217.8,2016,2811.26177261148
846,6,1,4,2,1,1,0.038204311,219.3,2011,2874.8343873413546
846,8,1,4,2,0,1,0.038211537000000004,219.3,2004,2894.298151788355
847,5,1,5,1,2,3,0.041273391,229.2,1992,6925.671053405296
848,2,1,6,1,1,1,0.038718195,276.64,2014,3890.486908794351
848,5,1,6,1,2,3,0.038313981000000004,274.89,1992,6977.211426594828
848,7,1,6,0,1,1,0.038578501,273.89,2009,4048.359514089601
849,5,0,6,1,2,3,0.024032484,312.43,1992,8548.934125032662
849,6,0,6,2,1,1,0.024144862000000003,308.43,2011,5457.927657451183
850,2,1,13,1,1,1,0.005997615,251.09,2014,3792.645188348364
850,5,1,13,1,2,3,0.005935001,247.09,1992,7830.9742085876105
850,6,1,13,2,1,1,0.005962753,256.09,2011,3905.609164008373
851,3,1,13,1,2,2,0.030413777000000003,553.28,2016,9355.692257995137
852,4,0,0,2,0,0,0.143592939,93.29,1992,346.455380274883
852,6,0,0,2,1,1,0.081996785,100.29,2011,1548.8855499312956
852,7,0,0,0,1,1,0.082178616,92.54,2009,1536.257622336334
852,8,0,0,2,0,1,0.082012293,93.79,2004,1532.3449785221953
852,9,0,0,1,0,1,0.0821398,93.04,2006,1535.831787336334
853,4,0,0,2,0,0,0.065652494,122.26,1992,337.53290212747044
853,5,0,0,1,2,3,0.037315469,125.01,1992,5726.928979990606
853,6,0,0,2,1,1,0.03748996,121.51,2011,1508.9486295818326
853,7,0,0,0,1,1,0.037573095,125.51,2009,1515.2466917955626
853,8,0,0,2,0,1,0.03749705,124.76,2004,1497.726170234816
853,9,0,0,1,0,1,0.037555347999999995,124.01,2006,1484.588316611845
854,5,0,3,1,2,3,0.037217847000000005,217.06,1992,6350.977071532761
854,6,0,3,2,1,1,0.037391881,208.06,2011,3154.5960749419573
854,8,0,3,2,0,1,0.037398953,210.56,2004,3007.4289013213
854,9,0,3,1,0,1,0.037457098,208.56,2006,3072.5554676919082
855,0,1,4,2,2,0,0.179191782,560.69,2005,1554.0769528181552
855,1,1,4,0,2,1,0.106968096,554.19,1994,9547.222156152859
855,8,1,4,2,0,1,0.107057186,560.44,2004,9479.12962855899
856,0,2,5,2,2,0,0.148673586,493.11,2005,1236.0996465213582
856,1,0,5,0,2,1,0.088750333,491.36,1994,8294.184380061719
856,8,0,5,2,0,1,0.0,492.11,2004,7297.364796634101
857,1,1,6,0,2,1,0.043122189000000005,494.94,1994,8072.875618099995
858,3,1,6,1,2,2,0.09468096,215.72,2016,3257.5949138726214
858,4,1,6,2,0,0,0.165101585,219.47,1992,404.5311616614113
858,6,1,6,2,1,1,0.094279004,215.97,2011,3304.0257172512997
858,7,1,6,0,1,1,0.09448807099999999,217.97,2009,3262.520540738207
858,8,1,6,2,0,1,0.094296835,210.97,2004,3297.055935813172
859,2,0,13,1,1,1,0.099681254,266.07,2014,3974.959114619951
859,6,0,13,2,1,1,0.099101845,264.57,2011,4048.4656086870464
860,1,0,13,0,2,1,0.035549527000000004,610.29,1994,10805.668071009757
860,8,0,13,2,0,1,0.035579135,611.04,2004,10212.969739723056
861,2,0,1,1,1,1,0.01115195,101.61,2014,1526.8813786255068
861,3,2,1,1,2,2,0.011134396999999999,107.11,2016,1518.5526104229632
861,4,0,1,2,0,0,0.0194158,104.11,1992,290.6188442956339
861,6,0,1,2,1,1,0.011087128,103.61,2011,1556.6734747570574
861,7,0,1,0,1,1,0.011111713999999998,109.61,2009,1554.5623943671058
861,9,0,1,1,0,1,0.011106465,106.86,2006,1559.2184953909516
862,4,0,0,2,0,0,0.099681705,268.66,1992,581.218598123344
862,5,2,0,1,2,3,0.056656942,265.66,1992,6985.280666640108
862,6,0,0,2,1,1,0.056921875999999996,267.91,2011,4117.877471030298
863,2,0,3,1,1,1,0.12475207,227.37,2014,3460.280505667539
863,5,0,3,1,2,3,0.123449671,224.37,1992,6904.645391952647
863,7,0,3,0,1,1,0.12430196800000001,224.37,2009,3461.8724588531213
864,2,1,4,1,1,1,0.139464425,133.07,2014,1285.5626870636486
864,3,1,4,1,2,2,0.139244918,132.57,2016,1285.961465879438
864,4,1,4,2,0,0,0.0,139.82,1992,409.8981038730917
864,5,1,4,1,2,3,0.138008431,137.07,1992,5869.645285028275
864,6,1,4,2,1,1,0.0,139.57,2011,1580.9079409689327
864,8,1,4,2,0,1,0.138679995,134.32,2004,1240.5091419381708
865,1,1,6,0,2,1,0.022406575,564.76,1994,10294.49830708081
865,8,1,6,2,0,1,0.022425236,565.76,2004,10415.513344471345
866,1,1,6,0,2,1,0.035121963,421.61,1994,6843.846753827669
867,2,1,13,1,1,1,0.070699313,164.37,2014,1921.49352305825
867,3,1,13,1,2,2,0.070588037,164.87,2016,1920.0811224704548
867,4,1,13,2,0,0,0.123089128,159.12,1992,357.54315892957976
867,6,1,13,2,1,1,0.070288365,160.87,2011,1818.2179172519977
867,7,1,13,0,1,1,0.070444232,158.62,2009,1813.4727505587928
868,7,0,1,0,1,1,0.046469277,309.6,2009,5022.751263279061
869,2,0,0,1,1,1,0.008589133,202.65,2014,3066.530569475365
869,3,0,0,1,2,2,0.008575615,200.65,2016,2587.222968001037
869,4,0,0,2,0,0,0.0,204.65,1992,406.3370368069304
869,5,0,0,1,2,3,0.008499464,203.4,1992,7139.247596725805
869,6,0,0,2,1,1,0.008539208000000001,203.15,2011,3176.266236681267
869,7,0,0,0,1,1,0.008558144,197.65,2009,2340.6314731386165
869,9,0,0,1,0,1,0.008554102,198.4,2006,2394.061778763608
870,1,2,3,0,2,1,0.08248351599999999,448.0,1994,7427.000383285832
871,0,1,10,2,2,0,0.158441218,534.39,2005,1324.69097710016
871,8,1,10,2,0,1,0.09465987099999999,536.39,2004,9071.840610148707
872,0,1,6,2,2,0,0.036773101,625.77,2005,1066.5397556635596
872,1,1,6,0,2,1,0.021951613,627.27,1994,11475.127415334247
872,8,1,6,2,0,1,0.021969896000000003,621.52,2004,11563.412858532784
873,0,0,6,2,2,0,0.118672537,480.54,2005,1078.5073358267757
874,6,2,13,2,1,1,0.007551665,267.91,2011,3961.7555476432453
875,2,0,1,1,1,1,0.020833091,216.39,2014,2839.2350824846217
875,4,0,1,2,0,0,0.03627089,214.89,1992,462.95486005296215
875,6,0,1,2,1,1,0.020711996,206.89,2011,3041.313225328273
875,7,0,1,0,1,1,0.020757926,210.89,2009,2932.3032634494766
875,8,0,1,2,0,1,0.020715913,208.89,2004,3037.1272258494523
876,1,1,0,0,2,1,0.017047751,436.59,1994,7648.041096060892
877,5,0,3,1,2,3,0.024047318999999998,288.79,1992,7791.949148011554
877,6,0,3,2,1,1,0.024159767000000002,286.79,2011,4981.5124116452225
877,7,0,3,0,1,1,0.024213342000000002,291.79,2009,4909.734578143758
878,1,0,4,0,2,1,0.05701260599999999,562.6,1994,9294.295858270274
878,3,0,4,1,2,2,0.057292529,560.85,2016,8715.6010138882
878,8,2,4,2,0,1,0.05706009,562.6,2004,9306.536463132357
879,4,1,10,2,0,0,0.10697116699999999,111.94,1992,199.8544040209058
879,5,1,10,1,2,3,0.060800115999999994,111.19,1992,5834.464144267248
879,7,1,10,0,1,1,0.06121988,114.19,2009,1249.9403647207796
879,9,1,10,1,0,1,0.061190964,117.94,2006,1244.0837976734335
880,2,1,5,1,1,1,0.041806702,122.09,2014,1343.349395860759
880,3,1,5,1,2,2,0.041740902,123.09,2016,1344.880377186493
880,4,1,5,2,0,0,0.07278643,123.59,1992,341.58430148268405
880,5,1,5,1,2,3,0.041370245,115.59,1992,5929.518316767334
880,6,1,5,2,1,1,0.041563696000000004,119.09,2011,1376.9497083621072
880,7,1,5,0,1,1,0.041655865,121.34,2009,1359.3389997806476
880,8,1,5,2,0,1,0.041571557,124.84,2004,1317.6763463136906
880,9,1,5,1,0,1,0.04163619,118.34,2006,1378.7289533859166
881,0,1,6,2,2,0,0.0,455.24,2005,937.4121093809664
882,1,2,13,0,2,1,0.06519497099999999,444.34,1994,7593.499123148611
883,2,1,13,1,1,1,0.12441028400000001,85.97,2014,927.141045063235
883,5,1,13,1,2,3,0.12311145300000001,92.47,1992,5451.1818519052895
883,7,1,13,0,1,1,0.123961415,83.22,2009,924.6991907495188
883,8,1,13,2,0,1,0.123710526,92.97,2004,1079.8070816277427
884,1,1,0,0,2,1,0.106663245,449.41,1994,7588.386664198174
885,0,1,0,2,2,0,0.043626605,603.55,2005,1152.016432170164
885,8,1,0,2,0,1,0.026064486,604.55,2004,10570.419162011583
886,1,0,3,0,2,1,0.047743195,620.77,1994,9634.783511616923
886,3,0,3,1,2,2,0.047977607,623.77,2016,10573.827105685294
886,8,0,3,2,0,1,0.04778295900000001,622.77,2004,10744.591815640988
887,2,0,4,1,1,1,0.075363922,184.59,2014,2562.4202122232673
887,4,0,4,2,0,0,0.13121032,185.09,1992,421.11266112873255
887,8,0,4,2,0,1,0.07494003,187.59,2004,2545.7621939113415
887,9,0,4,1,0,1,0.075056542,190.09,2006,2476.8490860453016
888,1,0,6,0,2,1,0.096653315,587.99,1994,9837.431829875371
888,3,0,6,1,2,2,0.09712786699999999,586.24,2016,9143.886044644136
888,8,0,6,2,0,1,0.096733815,582.99,2004,9408.450065034573
888,9,0,6,1,0,1,0.09688421,583.99,2006,9298.078316988463
889,1,0,6,0,2,1,0.042524835,570.93,1994,9967.182636017635
889,3,0,6,1,2,2,0.042733625,567.43,2016,9285.014214920215
889,8,0,6,2,0,1,0.042560252,565.43,2004,9497.228463938858
890,4,0,13,2,0,0,0.148764535,277.98,1992,934.254026109734
890,5,2,13,1,2,3,0.08455456900000001,274.73,1992,7183.071377288707
890,6,2,13,2,1,1,0.084949955,274.48,2011,4163.148433060598
890,7,0,13,0,1,1,0.08513833400000001,271.73,2009,4167.831373638203
891,8,1,13,2,0,1,0.022974812,521.98,2004,10435.603834371323
892,2,0,0,1,1,1,0.029859711,235.36,2014,3342.1767285516407
892,3,0,0,1,2,2,0.029812714,238.61,2016,3392.048231084388
892,6,0,0,2,1,1,0.029686148,241.11,2011,3596.124749560252
893,4,2,0,2,0,0,0.024387983999999998,231.12,1992,467.8296343582742
893,5,0,0,1,2,3,0.013861607,236.12,1992,6909.3637019255
893,6,0,0,2,1,1,0.013926425,232.62,2011,3546.0656450576157
893,7,0,0,0,1,1,0.013957308,235.12,2009,3652.6381565786196
894,0,2,4,2,2,0,0.146973462,460.32,2005,1254.3962122301477
894,1,0,4,0,2,1,0.0,456.32,1994,8033.848680217119
895,3,1,4,1,2,2,0.114581955,235.86,2016,3441.110147340422
896,3,0,5,1,2,2,0.125688044,252.26,2016,3510.031721802927
896,5,0,5,1,2,3,0.0,251.76,1992,7700.60823631744
896,6,0,5,2,1,1,0.125154452,248.01,2011,3668.092755875594
897,0,1,6,2,2,0,0.024815023999999998,585.24,2005,1091.5394226512
897,1,1,6,0,2,1,0.014813268000000001,587.49,1994,10672.54723182881
897,3,1,6,1,2,2,0.014885998000000001,586.24,2016,9800.74888742397
897,8,1,6,2,0,1,0.014825605,583.24,2004,9976.020193515586
898,5,0,13,1,2,3,0.071636937,304.27,1992,8269.323229136904
898,6,0,13,2,1,1,0.071971918,303.27,2011,5102.263272305171
898,7,0,13,0,1,1,0.072131519,300.27,2009,5073.099298484083
899,1,1,1,0,2,1,0.079844043,565.76,1994,10131.951993593382
899,8,1,1,2,0,1,0.0,570.51,2004,10408.173520473541
900,1,1,0,0,2,1,0.128176489,562.1,1994,9779.365417678808
900,3,1,0,1,2,2,0.128805815,560.1,2016,9016.794281607401
900,8,1,0,2,0,1,0.12828324300000002,565.35,2004,10010.292604058728
901,2,0,3,1,1,1,0.063385859,245.43,2014,3637.5622468878714
901,5,0,3,1,2,3,0.062724117,251.43,1992,6867.068890121821
901,6,0,3,2,1,1,0.06301742099999999,250.93,2011,3884.127273481141
902,3,1,4,1,2,2,0.048403392,120.59,2016,1344.6529865404887
902,4,1,4,2,0,0,0.084404264,123.84,1992,365.61870003689046
902,8,1,4,2,0,1,0.048207017000000005,114.84,2004,1362.536861304814
903,0,1,10,2,2,0,0.083147702,525.4,2005,1109.4325532853914
903,1,1,10,0,2,1,0.049634817000000005,531.4,1994,9472.159404985632
903,8,1,10,2,0,1,0.049676157,531.15,2004,9390.08136429203
904,2,0,5,1,1,1,0.099553084,100.04,2014,1231.1364973707457
904,4,0,5,2,0,0,0.17332420699999998,99.79,1992,349.03894918063156
904,6,0,5,2,1,1,0.0,95.79,2011,1470.8008833955228
904,7,0,5,0,1,1,0.099193899,95.29,2009,1175.616759435629
904,8,0,5,2,0,1,0.09899313900000001,98.29,2004,1232.0303630388432
905,2,0,6,1,1,1,0.043209581,227.04,2014,3514.1542078987964
905,3,0,6,1,2,2,0.043141572,226.04,2016,3479.3536718987157
905,5,0,6,1,2,3,0.042758477,221.04,1992,6779.859317133789
905,6,0,6,2,1,1,0.04295842,223.29,2011,3461.843655274003
905,9,0,6,1,0,1,0.04303334599999999,223.54,2006,3468.906803707353
906,5,1,13,1,2,3,0.057835325,143.89,1992,5818.788576929172
906,6,1,13,2,1,1,0.058105769,151.14,2011,1513.846190514408
906,7,1,13,0,1,1,0.05823462099999999,146.89,2009,1249.8418051573988
906,8,1,13,2,0,1,0.058116758,143.89,2004,1252.7388700970264
906,9,1,13,1,0,1,0.058207114000000004,147.89,2006,1272.9782795198819
907,1,1,3,0,2,1,0.101747034,578.33,1994,10269.61133732663
908,2,0,4,1,1,1,0.075049323,276.06,2014,3826.144087336752
908,5,0,4,1,2,3,0.074265816,273.81,1992,6932.128828542892
908,6,0,4,2,1,1,0.07461309,271.81,2011,3822.1424079057506
908,7,2,4,0,1,1,0.074778547,276.81,2009,4173.56572842977
909,0,1,10,2,2,0,0.036921781,485.61,2005,1048.7598911501805
909,8,1,10,2,0,1,0.022058724,492.11,2004,7865.05812568206
910,8,0,6,2,0,1,0.055205899999999995,548.54,2004,8916.54728914438
911,1,1,6,0,2,1,0.073997843,517.66,1994,9401.170987322415
911,8,1,6,2,0,1,0.074059474,522.66,2004,10251.693937783379
912,2,1,13,1,1,1,0.047533568,242.27,2014,3830.6430773262523
912,3,1,13,1,2,2,0.047458754000000006,239.52,2016,3881.2807912990193
912,5,1,13,1,2,3,0.047037323,241.02,1992,7027.680001891399
913,0,2,13,2,2,0,0.073251428,454.24,2005,1108.6713650941226
913,1,0,13,0,2,1,0.043727260999999996,456.49,1994,8273.738824898594
914,3,0,1,1,2,2,0.051871718,88.39,2016,1329.7031631355417
914,5,0,1,1,2,3,0.0514111,82.64,1992,5781.145790955049
914,7,0,1,0,1,1,0.051766042000000005,86.39,2009,1317.499829561931
914,8,0,1,2,0,1,0.051661272,83.39,2004,1321.698316474572
915,2,0,0,1,1,1,0.081050006,197.99,2014,2575.294949030213
915,3,0,0,1,2,2,0.080922439,200.24,2016,2912.9236102997716
915,5,2,0,1,2,3,0.080203852,194.99,1992,6308.053270475055
915,7,0,0,0,1,1,0.08075758,204.74,2009,3360.0845404528327
915,8,0,0,2,0,1,0.080594133,202.49,2004,3364.7051712344933
916,6,1,3,2,1,1,0.170251293,291.21,2011,4993.781154673812
917,0,1,4,2,2,0,0.146701312,655.73,2005,1227.1628000829348
917,3,1,4,1,2,2,0.088002959,653.48,2016,12154.913652416259
917,5,1,4,1,2,3,0.087221497,659.98,1992,17747.02777008636
917,6,1,4,2,1,1,0.087629354,658.73,2011,11374.871479894715
917,7,1,4,0,1,1,0.087823675,652.73,2009,12674.687299523159
918,2,1,10,1,1,1,0.076552407,276.3,2014,4081.5819213839854
918,5,1,10,1,2,3,0.075753207,277.8,1992,7247.1894748635295
918,7,1,10,0,1,1,0.076276208,277.3,2009,4353.497320395844
919,2,0,6,1,1,1,0.122289654,115.85,2014,1279.4363014141147
919,3,0,6,1,2,2,0.0,113.1,2016,1600.3669184899122
919,5,0,6,1,2,3,0.0,114.85,1992,6725.101394491885
919,7,0,6,0,1,1,0.12184843599999999,117.1,2009,1275.1100944567713
919,9,0,6,1,0,1,0.0,113.85,2006,1598.603943993865
920,5,1,6,1,2,3,0.17024678199999999,353.96,1992,9743.138052389952
921,5,0,13,1,2,3,0.048830264000000005,282.79,1992,7724.8983396478225
921,7,0,13,0,1,1,0.049167388,287.29,2009,4936.090101220095
922,2,1,0,1,1,1,0.029727657,166.54,2014,2003.274854703768
922,3,1,0,1,2,2,0.029680868,162.54,2016,1974.5595089450758
922,8,1,0,2,0,1,0.029560451,164.54,2004,2006.0717809939347
922,9,1,0,1,0,1,0.02960641,163.54,2006,1975.8871805754832
923,2,1,0,1,1,1,0.141406394,125.0,2014,1418.384068086165
923,3,1,0,1,2,2,0.14118383,126.25,2016,1555.9861450720853
923,8,1,0,2,0,1,0.14061104,124.5,2004,1418.384068086165
924,2,0,3,1,1,1,0.030297819,186.92,2014,2759.4452300135913
924,3,0,3,1,2,2,0.030250132000000002,188.17,2016,2750.6590114280593
924,4,0,3,2,0,0,0.052749199000000004,187.42,1992,448.12006523371616
924,6,0,3,2,1,1,0.030121709,195.17,2011,2655.2243973934146
924,7,0,3,0,1,1,0.030188505,193.42,2009,2694.62571849177
924,9,2,3,1,0,1,0.030174246000000002,191.67,2006,2620.6561248243315
925,1,0,4,0,2,1,0.06998190900000001,657.56,1994,11653.539571879513
925,6,0,4,2,1,1,0.07002695099999999,659.06,2011,10887.653886056358
925,8,0,4,2,0,1,0.070040195,657.56,2004,11262.77820435932
925,9,2,4,1,0,1,0.070149088,661.31,2006,11516.925782368133
926,1,1,5,0,2,1,0.092150005,462.07,1994,8071.703221923761
927,7,0,6,0,1,1,0.041448824,291.37,2009,4757.793576216226
928,2,1,6,1,1,1,0.082215187,228.62,2014,3567.058580846828
928,3,1,6,1,2,2,0.08208578700000001,230.62,2016,3496.122826243793
928,8,1,6,2,0,1,0.08175276,222.62,2004,3382.982884873963
929,0,0,13,2,2,0,0.0,493.03,2005,1171.389048393622
929,1,0,13,0,2,1,0.0,488.03,1994,7775.795384729715
929,8,0,13,2,0,1,0.17348130399999998,486.28,2004,7746.00318774401
930,3,1,0,1,2,2,0.134037,133.32,2016,1632.4256223640516
930,6,1,0,2,1,1,0.0,132.82,2011,1812.5932793310392
930,9,1,0,1,0,1,0.133700752,132.32,2006,1634.0375447956603
931,1,0,3,0,2,1,0.033946163,448.49,1994,7260.486984697935
932,0,1,4,2,2,0,0.051068365,532.56,2005,1210.4834171028
932,8,1,4,2,0,1,0.030510526,528.56,2004,10215.269486181764
933,1,0,4,0,2,1,0.03187163,448.84,1994,7133.185516957474
934,1,1,5,0,2,1,0.152024355,529.55,1994,10083.545409614484
935,3,1,1,1,2,2,0.016092971,114.6,2016,1502.0382032105579
935,4,1,1,2,0,0,0.028062401,110.1,1992,211.97822398216636
935,5,1,1,1,2,3,0.015950066000000002,119.35,1992,5849.527569743336
935,6,1,1,2,1,1,0.016024651,110.1,2011,1489.5870491481594
935,7,1,1,0,1,1,0.016060186,118.1,2009,1496.9690153847423
935,9,1,1,1,0,1,0.0160526,109.85,2006,1491.6461806215304
936,2,0,0,1,1,1,0.009463757,184.6,2014,2345.6001935060067
936,4,0,0,2,0,0,0.016476618999999998,185.85,1992,390.23674152489383
936,5,0,0,1,2,3,0.009364957,185.6,1992,6984.591939732115
936,7,0,0,0,1,1,0.009429611999999999,178.35,2009,2315.763544386092
936,8,0,0,2,0,1,0.009410528,184.35,2004,2370.661468519033
936,9,0,0,1,0,1,0.009425158000000001,187.1,2006,2379.885427162417
937,1,1,4,0,2,1,0.119077255,578.08,1994,10811.491651533766
937,9,1,4,1,0,1,0.119361718,579.08,2006,10283.17682811108
938,0,1,10,2,2,0,0.07871639,458.9,2005,1279.0164028766874
939,2,1,5,1,1,1,0.086320509,120.42,2014,1332.0486460167988
939,3,1,5,1,2,2,0.08618464699999999,127.42,2016,1493.1925866303156
939,4,1,5,2,0,0,0.15028599,127.67,1992,482.0021644013952
939,8,1,5,2,0,1,0.085834992,124.17,2004,1292.4533050415666
940,8,1,6,2,0,1,0.024404558,495.78,2004,7734.512644141366
941,3,0,13,1,2,2,0.026248606,637.84,2016,10341.017847055293
941,9,0,13,1,0,1,0.026182757999999997,634.09,2006,10228.25259279753
942,5,1,1,1,2,3,0.054220618,322.83,1992,8552.824249434496
943,4,0,0,2,0,0,0.041556697000000004,261.08,1992,561.5045978038213
943,6,0,0,2,1,1,0.023730384,260.83,2011,3971.962543663413
943,7,0,0,0,1,1,0.023783007000000002,260.08,2009,4086.7032989421095
944,2,0,4,1,1,1,0.13169655,223.54,2014,3347.046517387565
944,3,2,4,1,2,2,0.131489269,224.29,2016,3162.6560369515473
944,5,0,4,1,2,3,0.13032165199999998,221.79,1992,6989.137861317956
944,6,0,4,2,1,1,0.130931048,224.79,2011,3380.3466576592346
944,7,0,4,0,1,1,0.13122139300000002,219.54,2009,3240.2916244910693
944,8,0,4,2,0,1,0.130955811,225.79,2004,3419.4474916085305
945,3,0,10,1,2,2,0.081465335,551.95,2016,8848.027513216897
945,8,0,10,2,0,1,0.081134826,550.2,2004,8865.494273753884
946,2,0,5,1,1,1,0.0,149.38,2014,1933.3280000125162
946,4,0,5,2,0,0,0.012865901,148.38,1992,409.4175133992932
946,7,0,5,0,1,1,0.007363189,158.13,2009,2157.6310171355703
946,8,0,5,2,0,1,0.007348286,157.13,2004,2018.8356917852789
946,9,0,5,1,0,1,0.007359711,150.38,2006,2004.1501677000233
947,1,0,6,0,2,1,0.081252534,641.25,1994,12470.758347263842
947,3,0,6,1,2,2,0.08165147,646.0,2016,12437.13904576065
947,8,0,6,2,0,1,0.0,638.5,2004,11125.406163393054
947,9,0,6,1,0,1,0.081446638,642.75,2006,12426.62520620502
948,0,1,6,2,2,0,0.104463896,567.77,2005,1306.2084691836103
948,1,1,6,0,2,1,0.062359467,560.02,1994,10297.308526221675
948,3,1,6,1,2,2,0.06266564200000001,564.02,2016,9637.26577622301
948,8,1,6,2,0,1,0.062411404000000004,564.77,2004,9990.851406178923
949,2,1,13,1,1,1,0.12194009900000001,238.44,2014,3524.2010272672032
949,3,1,13,1,2,2,0.121748174,242.44,2016,3390.8685448645783
949,6,1,13,2,1,1,0.12123130800000001,243.94,2011,3447.145805620725
949,7,1,13,0,1,1,0.121500143,237.69,2009,3646.432641974803
950,3,0,13,1,2,2,0.040081193,567.67,2016,10345.071353098869
951,3,0,0,1,2,2,0.0,232.87,2016,3223.546934821965
951,5,0,0,1,2,3,0.031251369,233.37,1992,6690.402579375022
951,6,0,0,2,1,1,0.031397503,228.37,2011,3362.601947873875
951,7,0,0,0,1,1,0.031467128,229.62,2009,3377.2178962356606
952,5,1,3,1,2,3,0.009014978,256.75,1992,7731.527055567567
952,6,1,3,2,1,1,0.009057131999999999,260.25,2011,3804.7595217917365
953,2,1,4,1,1,1,0.038363204,245.43,2014,3440.230453473487
953,5,1,4,1,2,3,0.037962696000000004,243.93,1992,6721.681007531762
953,7,1,4,0,1,1,0.03822479,249.68,2009,3762.2868616525743
954,0,1,4,2,2,0,0.13187274,470.06,2005,1707.395956919793
955,2,0,5,1,1,1,0.038169783,161.38,2014,1912.1843719409421
955,7,0,5,0,1,1,0.038032067999999995,153.38,2009,1663.9520543308122
955,8,0,5,2,0,1,0.037955094,155.38,2004,1691.6284001461827
955,9,0,5,1,0,1,0.038014104,155.88,2006,1703.5984484033079
956,3,1,6,1,2,2,0.0,159.3,2016,2118.134248185929
956,4,1,6,2,0,0,0.164391573,157.05,1992,422.15698821230205
956,5,1,6,1,2,3,0.0,150.55,1992,7117.883926077645
956,9,1,6,1,0,1,0.094037291,155.8,2006,1969.8299637319249
957,2,1,6,1,1,1,0.11061453800000001,201.65,2014,3192.1484822660896
957,5,1,6,1,2,3,0.109459733,210.4,1992,6969.92542142488
957,6,1,6,2,1,1,0.10997157800000001,206.9,2011,3210.891578348462
957,7,1,6,0,1,1,0.11021544400000001,204.65,2009,3314.8947513235566
957,9,1,6,1,0,1,0.110163385,209.15,2006,3227.2391960161244
958,5,0,13,1,2,3,0.044248175,315.51,1992,8248.471367104605
959,2,1,3,1,1,1,0.154363209,127.09,2014,1325.307265494989
959,3,1,3,1,2,2,0.15412025199999999,129.84,2016,1394.3381719170925
959,7,1,3,0,1,1,0.153806271,128.34,2009,1381.723075967662
959,8,1,3,2,0,1,0.153494979,122.34,2004,1230.9256887161382
960,5,1,4,1,2,3,0.047358246,307.94,1992,8417.102324739988
961,5,0,4,1,2,3,0.020769677,293.95,1992,7939.059747054993
961,6,0,4,2,1,1,0.0,294.7,2011,5029.040821176016
961,7,0,4,0,1,1,0.020913071000000002,300.45,2009,5292.369750075877
962,0,1,5,2,2,0,0.267565911,485.37,2005,1426.768953022743
962,1,1,5,0,2,1,0.159722816,485.37,1994,8361.353689830323
963,0,0,6,2,2,0,0.057422821,634.34,2005,1096.826753388243
963,1,0,6,0,2,1,0.034278413,638.09,1994,11516.921003778798
963,8,0,6,2,0,1,0.034306962,630.84,2004,10754.579390935327
963,9,0,6,1,0,1,0.0343603,633.59,2006,10551.138845577732
964,2,1,13,1,1,1,0.039443715,239.6,2014,3816.5387750953873
964,3,1,13,1,2,2,0.039381633,245.1,2016,3652.5297230320293
964,5,1,13,1,2,3,0.039031927,239.1,1992,6962.849154533991
964,6,1,13,2,1,1,0.039214444,245.6,2011,3754.8624477436397
965,2,0,13,1,1,1,0.045525961,208.56,2014,3404.0677873145733
965,4,0,13,2,0,0,0.07926174400000001,204.56,1992,464.99330634193046
965,5,0,13,1,2,3,0.045050674000000006,212.31,1992,6609.446663550313
965,7,0,13,0,1,1,0.045361705,209.56,2009,3401.5383235553763
965,9,0,13,1,0,1,0.045340279000000004,212.56,2006,3470.6851346174317
966,0,1,0,2,2,0,0.112985849,463.56,2005,1854.6634923585866
966,1,1,0,0,2,1,0.067446626,461.81,1994,8404.855076347172
967,1,1,3,0,2,1,0.027594063999999998,427.95,1994,7654.327170859683
968,0,1,4,2,2,0,0.241055611,596.31,2005,1358.8581864192392
968,1,1,4,0,2,1,0.143897558,601.56,1994,9974.267472417157
968,3,1,4,1,2,2,0.144604071,602.06,2016,9037.486222568594
968,8,1,4,2,0,1,0.144017405,595.81,2004,9605.000656976565
968,9,1,4,1,0,1,0.144241314,598.56,2006,9384.282260120695
969,2,0,4,1,1,1,0.017253305,128.59,2014,1511.4562303679827
969,4,0,4,2,0,0,0.0,128.09,1992,464.3807960206795
969,7,0,4,0,1,1,0.017191055,128.84,2009,1511.4562303679827
969,9,0,4,1,0,1,0.017182935,128.09,2006,1505.3984833775414
970,7,1,5,0,1,1,0.051596927,320.17,2009,5042.130667602345
971,4,1,6,2,0,0,0.066765523,267.99,1992,609.3992715355442
971,7,1,6,0,1,1,0.038210084,259.74,2009,3804.570178640697
972,1,0,15,0,2,1,0.0,479.71,1994,9558.04124217625
972,8,0,15,2,0,1,0.075878519,485.21,2004,9572.747166196586
973,2,1,1,1,1,1,0.022404492999999998,256.25,2014,3785.271753483102
973,5,1,1,1,2,3,0.022170592000000003,263.0,1992,7028.767505357715
973,6,1,1,2,1,1,0.022274264,254.25,2011,3944.7729743299083
973,7,1,1,0,1,1,0.022323658,253.25,2009,4021.133567731036
974,1,1,0,0,2,1,0.065729039,470.81,1994,8376.368465453686
975,5,1,3,1,2,3,0.019672774,216.05,1992,6395.5561697247695
975,8,1,3,2,0,1,0.019768503,221.55,2004,2634.5354122056187
976,1,0,4,0,2,1,0.00799436,429.11,1994,8253.704923122614
977,2,1,10,1,1,1,0.018126724,254.5,2014,3624.039333444636
977,5,1,10,1,2,3,0.017937483,258.75,1992,7023.899155629286
977,6,1,10,2,1,1,0.018021361,253.0,2011,3702.5465347090285
977,7,1,10,0,1,1,0.018061324,256.5,2009,3894.6095735113527
978,2,0,5,1,1,1,0.040410039,132.32,2014,1463.2284862062593
978,3,0,5,1,2,2,0.040346436,134.32,2016,1421.1762326073497
978,5,0,5,1,2,3,0.039988162,139.32,1992,5858.685611976954
978,7,0,5,0,1,1,0.04026424,131.57,2009,1471.847387238712
978,9,0,5,1,0,1,0.040245222000000004,137.32,2006,1407.2480655027289
979,1,1,6,0,2,1,0.057011062,604.88,1994,10363.05638898795
979,3,1,6,1,2,2,0.057290978,606.88,2016,9747.950224628938
979,8,1,6,2,0,1,0.057058545,604.38,2004,10189.419022537792
980,6,0,6,2,1,1,0.038721734,289.7,2011,4717.0585521170515
981,0,0,13,2,2,0,0.111936685,497.02,2005,1423.0625322298
981,1,0,13,0,2,1,0.06682033,497.27,1994,8262.37847014131
982,2,0,13,1,1,1,0.069514712,271.81,2014,3874.939136558868
982,6,0,13,2,1,1,0.06911065,272.56,2011,3959.5054103118337
983,2,1,0,1,1,1,0.0,246.76,2014,3743.5625999600225
983,5,1,0,1,2,3,0.078912473,249.76,1992,7059.165783481308
983,6,1,0,2,1,1,0.07928147599999999,250.26,2011,3764.4124102249502
984,2,0,0,1,1,1,0.07638928099999999,277.89,2014,3847.7843863541643
984,7,0,0,0,1,1,0.076113671,278.64,2009,4119.234558428173
985,1,1,3,0,2,1,0.133034816,555.2,1994,9364.652948132409
985,8,1,3,2,0,1,0.133145617,546.2,2004,9006.592335988127
986,2,1,10,1,1,1,0.054861393,242.27,2014,3682.741143297425
986,5,1,10,1,2,3,0.054288645999999996,241.52,1992,6977.252759869885
987,5,0,5,1,2,3,0.099589909,272.97,1992,7118.937233427461
987,6,0,5,2,1,1,0.100055601,281.22,2011,3886.973415635176
988,5,0,13,1,2,3,0.051924192,302.52,1992,8227.061135236872
988,6,0,13,2,1,1,0.052166995,304.27,2011,5217.829701142105
989,4,0,0,2,0,0,0.208987123,265.15,1992,646.9581521936537
989,5,0,0,1,2,3,0.118783796,271.4,1992,7138.756822314669
989,6,0,0,2,1,1,0.119339241,265.15,2011,3539.1378543117826
990,2,0,9,1,1,1,0.144094079,87.05,2014,978.1714060694665
990,3,0,9,1,2,2,0.0,92.8,2016,1585.3746763540153
990,5,0,9,1,2,3,0.142589751,89.8,1992,5059.276736018794
990,7,0,9,0,1,1,0.143574191,93.05,2009,1176.7228933980482
990,8,0,9,2,0,1,0.143283608,94.8,2004,1176.8954323486942
990,9,0,9,1,0,1,0.143506376,86.8,2006,979.3583411082029
991,7,0,9,0,1,1,0.056191301,289.37,2009,4687.606582010812
992,1,0,9,0,2,1,0.027253711,427.28,1994,7501.104308755716
993,0,0,9,2,2,0,0.216478153,475.47,2005,1271.6476801286979
993,1,0,9,0,2,1,0.129226104,476.47,1994,8354.659690803548
994,2,0,8,1,1,1,0.009934335,118.01,2014,1612.5952349060803
994,3,0,8,1,2,2,0.009918699,123.51,2016,1583.664220492616
994,4,0,8,2,0,0,0.017295906,117.76,1992,312.0697767753287
994,7,0,8,0,1,1,0.009898492,122.01,2009,1584.250871905317
994,8,0,8,2,0,1,0.009878459000000001,119.01,2004,1612.1138862156045
994,9,0,8,1,0,1,0.009893817,125.76,2006,1686.3642318212749
995,0,0,9,2,2,0,0.061330521,446.83,2005,940.6607095392143
995,1,0,9,0,2,1,0.036611104,452.33,1994,7498.00095933429
996,0,0,9,2,2,0,0.12973174699999998,490.53,2005,1199.6003303321563
997,3,0,9,1,2,2,0.041459372,224.13,2016,3537.346236255277
997,4,0,9,2,0,0,0.072295507,224.38,1992,684.6315917896084
997,5,0,9,1,2,3,0.041091215,223.88,1992,6775.351914389443
997,6,0,9,2,1,1,0.041283361,217.63,2011,3397.061557648996
997,7,2,9,0,1,1,0.041374909,223.13,2009,3359.035875255589
997,8,0,9,2,0,1,0.041291168999999996,217.38,2004,3414.55095327369
997,9,0,9,1,0,1,0.041355366,221.88,2006,3546.1490871211095
998,2,0,9,1,1,1,0.090806457,216.22,2014,3324.9849405013024
998,4,0,9,2,0,0,0.158096128,215.97,1992,546.4322225806952
998,5,0,9,1,2,3,0.089858447,211.47,1992,6666.825636884511
998,6,2,9,2,1,1,0.09027863400000001,216.97,2011,3219.8163170769735
998,8,0,9,2,0,1,0.090295708,211.72,2004,3350.844232962691
998,9,0,9,1,0,1,0.09043609400000001,212.72,2006,3338.4098791213305
999,0,0,9,2,2,0,0.043021542,492.27,2005,940.9489347219908
999,8,0,9,2,0,1,0.025702994,499.77,2004,8067.53816638766
1000,3,0,9,1,2,2,0.119157788,659.48,2016,7801.405032414167
1000,5,0,9,1,2,3,0.118099673,657.23,1992,17065.248857574115
1000,6,0,9,2,1,1,0.11865191900000001,659.98,2011,8279.528890532043
1000,7,0,9,0,1,1,0.118915034,661.98,2009,8156.818450768382
1000,8,0,9,2,0,1,0.11867435900000001,654.23,2004,9289.104542852312
1000,9,0,9,1,0,1,0.118858866,658.23,2006,8101.986810182819
1001,5,0,8,1,2,3,0.008519718,292.37,1992,8244.726774668361
1001,6,0,8,2,1,1,0.008559556999999999,293.12,2011,5067.725933550849
1001,7,2,8,0,1,1,0.008578539,294.12,2009,5102.38275488909
1002,1,0,9,0,2,1,0.0,467.97,1994,7720.02732233133
1003,3,0,9,1,2,2,0.161317495,143.89,2016,1556.537102761649
1003,7,0,9,0,1,1,0.16098885,144.64,2009,1556.8415448220853
1003,8,0,9,2,0,1,0.160663021,148.64,2004,1735.8288851533569
1004,5,0,9,1,2,3,0.023835164,258.49,1992,7031.342595593246
1004,6,0,9,2,1,1,0.02394662,267.49,2011,3930.237604553871
1004,7,0,9,0,1,1,0.023999722,260.24,2009,3963.8613413300995
1005,1,0,9,0,2,1,0.09679995300000001,480.96,1994,8295.492928683945
1006,1,0,9,0,2,1,0.027556247000000002,441.59,1994,7159.696039517062
1007,1,0,9,0,2,1,0.09270568300000001,629.77,1994,9827.051152669277
1007,3,0,9,1,2,2,0.093160853,628.27,2016,9038.67625758398
1007,8,0,9,2,0,1,0.092782895,631.52,2004,9552.81803881012
1007,9,0,9,1,0,1,0.092927148,623.77,2006,9751.733559705654
1008,0,2,8,2,2,0,0.163548055,598.3,2005,1556.48536463099
1008,1,0,8,0,2,1,0.09762961099999999,601.05,1994,9703.965807425539
1008,3,0,8,1,2,2,0.098108957,602.3,2016,9029.875105868925
1008,9,0,8,1,0,1,0.09786283900000001,598.3,2006,9072.996109109803
1009,3,0,9,1,2,2,0.06402288099999999,90.21,2016,1460.856881450203
1009,6,0,9,2,1,1,0.06375108,91.96,2011,1456.8462452471304
1010,2,0,9,1,1,1,0.099887103,114.77,2014,1449.4078978998887
1010,3,0,9,1,2,2,0.099729888,115.77,2016,1448.210823114232
1010,8,0,9,2,0,1,0.099325278,113.52,2004,1454.6297765257627
1010,9,0,9,1,0,1,0.099479703,112.27,2006,1450.2801463958212
1011,1,0,9,0,2,1,0.072608647,570.92,1994,9568.059425176863
1011,3,0,9,1,2,2,0.07296514400000001,578.42,2016,8818.8767914142
1011,8,0,9,2,0,1,0.0,572.17,2004,8963.586954193144
1012,2,0,9,1,1,1,0.013253936000000001,141.15,2014,1546.5487636988855
1012,7,0,9,0,1,1,0.0,138.65,2009,1798.5467706826773
1012,8,0,9,2,0,1,0.013179388,137.9,2004,1592.39106678993
1012,9,2,9,1,0,1,0.0,133.15,2006,1761.3285629110107
1013,5,0,9,1,2,3,0.0,245.43,1992,7368.875360063874
1013,7,0,9,0,1,1,0.026903714,240.18,2009,3628.1898398026215
1014,3,0,8,1,2,2,0.012689327,99.38,2016,1557.9009148719106
1014,5,0,8,1,2,3,0.0,93.38,1992,6342.199085686218
1014,7,0,8,0,1,1,0.012663476000000002,98.38,2009,1559.8813012423893
1014,9,0,8,1,0,1,0.012657493999999998,90.88,2006,1548.9517040913217
1015,4,0,9,2,0,0,0.028048877000000003,265.49,1992,663.4812608588232
1015,7,0,9,0,1,1,0.016052446,266.99,2009,3869.8518905791434
1016,2,0,9,1,1,1,0.024468806000000003,102.86,2014,1547.7630576102276
1016,5,0,9,1,2,3,0.024213354,106.11,1992,6002.551619757391
1016,9,0,9,1,0,1,0.024369007,100.61,2006,1528.500645666325
1017,5,0,9,1,2,3,0.013066448,352.29,1992,9436.230407559184
1018,1,0,9,0,2,1,0.021407511,620.44,1994,10136.506892222571
1018,3,0,9,1,2,2,0.021512619,619.44,2016,9391.518850868793
1018,8,0,9,2,0,1,0.021425341,625.44,2004,10799.545453814973
1019,4,0,9,2,0,0,0.162856593,136.49,1992,548.8217451197214
1019,5,0,9,1,2,3,0.092564193,133.74,1992,5941.892643354495
1019,6,0,9,2,1,1,0.092997032,138.24,2011,1610.9561248744658
1019,7,0,9,0,1,1,0.093203257,131.99,2009,1679.4172054474998
1019,8,0,9,2,0,1,0.09301462,131.99,2004,1681.2523761141665
1019,9,0,9,1,0,1,0.09315923300000001,139.49,2006,1603.1837296189715
1020,1,0,9,0,2,1,0.099053537,531.73,1994,8921.75851389895
1020,8,0,9,2,0,1,0.099136036,525.98,2004,9508.530478132589
1021,2,0,9,1,1,1,0.185889129,88.55,2014,1207.3488584458498
1021,3,0,9,1,2,2,0.185596553,89.3,2016,1327.7747411345329
1021,5,0,9,1,2,3,0.183948465,84.05,1992,5386.069152542743
1021,7,0,9,0,1,1,0.185218446,90.8,2009,1333.1917336144734
1021,8,0,9,2,0,1,0.18484357899999998,82.8,2004,1146.3000127779435
1021,9,0,9,1,0,1,0.185130961,82.3,2006,1146.3000127779435
1022,1,0,9,0,2,1,0.010593469,585.74,1994,9961.32777500302
1022,3,0,9,1,2,2,0.0,583.24,2016,8762.367182531358
1022,8,0,9,2,0,1,0.010602292,588.49,2004,8731.643528641258
1023,2,0,9,1,1,1,0.027052013,184.84,2014,2373.1654160153766
1023,3,0,9,1,2,2,0.0,185.84,2016,2590.6388204076757
1023,4,0,9,2,0,0,0.047098175,188.84,1992,563.3268225729661
1023,5,0,9,1,2,3,0.026769592000000002,192.59,1992,6358.824463545689
1023,6,0,9,2,1,1,0.02689477,191.84,2011,2389.5761237414295
1023,7,0,9,0,1,1,0.02695441,183.09,2009,2328.187682113259
1023,8,0,9,2,0,1,0.026899856,184.84,2004,2362.767302658161
1024,0,0,9,2,2,0,0.033807904,647.49,2005,1038.9634236870509
1024,8,0,9,2,0,1,0.020198353999999998,644.99,2004,10581.879170859957
1024,9,0,9,1,0,1,0.020229757,652.24,2006,10177.567080210256
1025,2,0,9,1,1,1,0.032203667000000005,252.0,2014,3992.398857188742
1025,3,0,9,1,2,2,0.032152981000000004,255.0,2016,3867.8408168712886
1025,5,0,9,1,2,3,0.031867464,252.5,1992,7030.801225157028
1025,6,0,9,2,1,1,0.03201648,249.0,2011,3968.098009123514
1026,0,0,9,2,2,0,0.148938624,479.88,2005,1048.8192688907222
1026,1,0,9,0,2,1,0.08890854699999999,482.13,1994,8170.022741055333
1027,2,0,9,1,1,1,0.035307322,118.76,2014,1523.3752048151746
1027,3,0,9,1,2,2,0.03525175,120.01,2016,1520.940828899876
1027,4,0,9,2,0,0,0.061470857999999996,121.51,1992,240.41693190242339
1027,5,0,9,1,2,3,0.034938717,122.51,1992,5815.407050643168
1028,0,0,9,2,2,0,0.280164929,443.93,2005,1126.3494328965205
1028,1,0,9,0,2,1,0.16724376900000001,440.68,1994,6831.410797210812
1029,7,2,9,0,1,1,0.021710275,87.47,2009,1389.3167592110374
1029,8,2,9,2,0,1,0.021666335,83.47,2004,1380.3435928496638
1030,1,0,9,0,2,1,0.029420857,642.41,1994,10313.84123698844
1030,3,0,9,1,2,2,0.029565308999999998,641.16,2016,9790.719726265294
1030,8,0,9,2,0,1,0.029445361,644.16,2004,10213.815493514181
1031,1,0,9,0,2,1,0.052458358,471.88,1994,7779.014660325783
1032,3,0,9,1,2,2,0.023071504,254.58,2016,3607.252183348256
1032,5,0,9,1,2,3,0.02286663,257.08,1992,6990.226243662909
1032,6,0,9,2,1,1,0.0,258.83,2011,3774.0364801419028
1033,1,0,9,0,2,1,0.14781046,587.15,1994,9353.40512441489
1033,9,0,9,1,0,1,0.148163564,581.9,2006,8710.33589855523
1034,5,0,9,1,2,3,0.111777297,311.51,1992,8047.953320376572
1034,7,0,9,0,1,1,0.112549008,307.76,2009,5057.178896950296
1035,7,0,9,0,1,1,0.0,319.58,2009,5448.56882294958
1036,3,0,9,1,2,2,0.074541867,235.37,2016,3632.268832554562
1036,4,0,9,2,0,0,0.12998368800000001,232.62,1992,611.2656771015323
1036,5,0,9,1,2,3,0.073879939,235.12,1992,6707.115106561825
1036,7,0,9,0,1,1,0.07439000700000001,228.62,2009,3835.3943423617748
1037,0,0,9,2,2,0,0.12813634599999998,620.87,2005,1272.8681828053257
1037,3,0,9,1,2,2,0.076866235,617.87,2016,8563.718596928298
1038,0,0,9,2,2,0,0.074753743,616.2,2005,1034.224069538043
1038,1,0,9,0,2,1,0.044624064000000005,613.7,1994,9916.654711276386
1038,3,0,9,1,2,2,0.044843161,615.45,2016,8941.092825222124
1038,9,0,9,1,0,1,0.044730667,612.95,2006,9209.612322044048
1039,2,0,8,1,1,1,0.034668802,246.43,2014,3632.0664916817145
1039,3,0,8,1,2,2,0.0,247.43,2016,3387.6844562230167
1039,6,0,8,2,1,1,0.034467286,241.93,2011,3651.164580557535
1039,7,0,8,0,1,1,0.034543718,249.43,2009,3990.2857649166185
1040,5,0,9,1,2,3,0.066828857,285.47,1992,7529.253561327396
1040,6,0,9,2,1,1,0.067141355,286.47,2011,4763.8373540518505
1040,7,0,9,0,1,1,0.067290244,286.47,2009,4794.601219009437
1041,0,0,9,2,2,0,0.061155983,571.0,2005,1123.6465083351945
1041,3,0,9,1,2,2,0.036686157999999996,574.0,2016,9416.683711041089
1042,1,0,9,0,2,1,0.070510189,536.05,1994,8503.088725900696
1042,3,0,9,1,2,2,0.070856383,543.55,2016,8041.525869974293
1043,5,0,9,1,2,3,0.034504414,313.01,1992,8374.85655200541
1043,7,0,9,0,1,1,0.034742632,318.51,2009,5207.581294563707
1044,1,0,9,0,2,1,0.04767798,453.67,1994,7530.260228394546
1045,2,0,8,1,1,1,0.1442339,238.6,2014,3492.150492326148
1045,3,0,8,1,2,2,0.144006886,236.85,2016,3438.461053791294
1045,5,0,8,1,2,3,0.14272811300000002,237.85,1992,6106.865574347411
1045,7,0,8,0,1,1,0.14371350800000002,241.6,2009,3583.6708852379275
1046,3,0,9,1,2,2,0.014081156000000001,558.94,2016,8243.464493868556
1046,8,2,9,2,0,1,0.014024028000000001,561.44,2004,8900.339050444247
1047,5,0,8,1,2,3,0.032463574,349.79,1992,8544.943893193782
1048,1,0,9,0,2,1,0.058886477,613.87,1994,9720.369475638714
1048,3,0,9,1,2,2,0.059175599999999995,612.62,2016,9288.242521531954
1048,8,0,9,2,0,1,0.058935522000000004,616.62,2004,9199.933032443749
1049,3,0,11,1,2,2,0.08165845,87.55,2016,1231.4057880841299
1049,4,0,11,2,0,0,0.142393355,91.05,1992,279.2528195812113
1049,5,0,11,1,2,3,0.080933328,93.8,1992,5773.977122232896
1049,6,0,11,2,1,1,0.08131178,94.55,2011,1379.5117070967963
1049,7,0,11,0,1,1,0.081492092,88.8,2009,1378.1143576665036
1049,9,0,11,1,0,1,0.0814536,92.05,2006,1386.788831750496
1050,1,0,9,0,2,1,0.01035692,520.99,1994,9335.141919742447
1050,8,0,9,2,0,1,0.010365546,517.74,2004,8101.975599136543
1051,2,0,9,1,1,1,0.026115595,122.59,2014,1500.014768020838
1051,3,0,9,1,2,2,0.026074491,121.59,2016,1508.886166513765
1051,5,0,9,1,2,3,0.025842951,121.59,1992,5859.726292977223
1051,6,0,9,2,1,1,0.025963795,115.84,2011,1531.3936413946253
1051,8,0,9,2,0,1,0.025968706,123.84,2004,1482.4332154072374
1052,2,0,9,1,1,1,0.0,276.23,2014,3748.0850964171
1052,4,2,9,2,0,0,0.058827582999999996,276.23,1992,720.0323212004374
1052,5,0,9,1,2,3,0.033436336000000004,268.48,1992,6974.349778815896
1052,6,0,9,2,1,1,0.033592687,270.48,2011,4030.7388336569056
1052,7,0,9,0,1,1,0.03366718,274.23,2009,4138.578288823652
1053,5,0,9,1,2,3,0.012592289,308.35,1992,8981.295968835877
1053,6,0,9,2,1,1,0.012651171999999999,307.85,2011,5520.012349598669
1053,7,0,9,0,1,1,0.012679226000000002,302.35,2009,5469.244155521195
1054,6,0,9,2,1,1,0.034646067,301.7,2011,5264.005181548326
1055,2,0,8,1,1,1,0.153419412,216.06,2014,3308.984826981294
1055,3,0,8,1,2,2,0.15317794099999998,213.06,2016,3280.5051580674112
1055,7,0,8,0,1,1,0.152865879,212.31,2009,3325.5951852323956
1056,5,0,9,1,2,3,0.163148041,291.53,1992,7560.04963352372
1056,6,0,9,2,1,1,0.163910938,298.03,2011,5732.392131749208
1056,7,0,9,0,1,1,0.164274416,299.53,2009,5627.3558868281325
1057,3,0,11,1,2,2,0.118661426,146.9,2016,1538.3608219448322
1057,5,0,11,1,2,3,0.117607719,138.15,1992,5440.63127783971
1057,7,2,11,0,1,1,0.11841968300000001,145.9,2009,1493.4318588511453
1057,8,0,11,2,0,1,0.118180011,140.65,2004,1379.8891763644185
1058,3,0,8,1,2,2,0.035336287,217.56,2016,3039.360190204817
1058,5,0,8,1,2,3,0.035022502999999996,212.81,1992,6412.288751016401
1058,6,0,8,2,1,1,0.035186271,212.81,2011,3104.2462148308036
1058,7,0,8,0,1,1,0.035264298,215.31,2009,3088.0499352428824
1058,9,0,8,1,0,1,0.035247642,211.81,2006,3054.7323059295163
1059,1,0,9,0,2,1,0.0,423.45,1994,7393.276866846119
1060,1,0,11,0,2,1,0.182501773,598.05,1994,9540.285309799281
1060,8,0,11,2,0,1,0.182653772,607.55,2004,9273.478276908294
1060,9,0,11,1,0,1,0.18293775,607.55,2006,8913.867227407183
1061,2,0,9,1,1,1,0.01438222,255.58,2014,3686.049328820693
1061,3,0,9,1,2,2,0.014359584,252.08,2016,3460.356133243636
1061,4,0,9,2,0,0,0.025039776,256.83,1992,752.5240273894595
1061,5,0,9,1,2,3,0.014232071,252.33,1992,6792.195410042079
1061,7,0,9,0,1,1,0.01433033,260.58,2009,3842.7414314862294
1062,1,0,9,0,2,1,0.060017127999999996,577.16,1994,9985.30014788096
1062,8,2,9,2,0,1,0.060067115,576.66,2004,9813.690125476422
1063,2,2,8,1,1,1,0.077892365,148.38,2014,1760.3940858442895
1063,3,0,8,1,2,2,0.077769768,157.63,2016,2262.7598154697657
1063,4,0,8,2,0,0,0.135612397,152.88,1992,463.1675072385914
1063,5,0,8,1,2,3,0.077079177,153.88,1992,6055.853889672887
1063,6,0,8,2,1,1,0.077439606,151.63,2011,2172.8215459159355
1063,8,0,8,2,0,1,0.077454252,148.13,2004,1800.6348395874602
1064,5,0,9,1,2,3,0.008604657,307.94,1992,9210.820826846864
1064,6,0,9,2,1,1,0.008644894,306.69,2011,5525.500066662433
1064,7,0,9,0,1,1,0.008664064,298.44,2009,5375.509390697512
1065,2,0,8,1,1,1,0.038109194,102.37,2014,1477.3352409054692
1065,4,0,8,2,0,0,0.0,100.87,1992,322.81856701289064
1065,5,0,8,1,2,3,0.037711338,103.87,1992,5683.234470470719
1065,7,0,8,0,1,1,0.037971697,97.37,2009,1438.1717273993124
1065,9,0,8,1,0,1,0.037953762,96.12,2006,1412.211471128676
1066,0,0,11,2,2,0,0.151420934,485.87,2005,1147.9784820816053
1066,1,0,11,0,2,1,0.09039035699999999,480.37,1994,8152.714158826971
1067,5,0,8,1,2,3,0.0,312.93,1992,8986.006071385245
1067,6,0,8,2,1,1,0.12574524,306.18,2011,5248.300332284643
1068,0,0,9,2,2,0,0.102065622,635.67,2005,1134.664578696566
1068,1,0,9,0,2,1,0.060927824000000005,637.17,1994,10161.886729934506
1068,3,0,9,1,2,2,0.061226969000000006,632.67,2016,9906.92198526185
1069,3,0,11,1,2,2,0.027157955,125.67,2016,1425.333205477281
1069,5,0,11,1,2,3,0.026916793999999997,127.42,1992,5876.5175790390695
1069,8,0,11,2,0,1,0.027047774,126.67,2004,1422.2070957736366
1070,8,0,9,2,0,1,0.013120028,544.05,2004,8835.969536344008
1071,2,0,8,1,1,1,0.037793818,248.26,2014,3873.1398250812085
1071,3,0,8,1,2,2,0.037734334,245.26,2016,3504.23538087526
1071,5,0,8,1,2,3,0.0,252.01,1992,7250.3455597926495
1071,6,0,8,2,1,1,0.037574137,250.01,2011,3955.650910427797
1072,5,0,9,1,2,3,0.029380407,286.79,1992,7783.370172413932
1072,7,0,9,0,1,1,0.029583249,286.79,2009,5056.941066188083
1073,3,0,8,1,2,2,0.048092777999999996,111.19,2016,1502.632567468524
1073,4,0,8,2,0,0,0.083862625,110.19,1992,172.1873069214069
1073,5,0,8,1,2,3,0.047665717,105.44,1992,5724.083810944149
1073,6,0,8,2,1,1,0.04788860599999999,105.69,2011,1506.863603055894
1073,8,0,8,2,0,1,0.047897663,111.69,2004,1513.2708664690988
1073,9,0,8,1,0,1,0.0,107.19,2006,1640.477244546388
1074,0,0,9,2,2,0,0.12062477099999999,654.4,2005,1190.218016777016
1074,9,0,9,1,0,1,0.07217867900000001,657.4,2006,9002.389367110003
1075,4,0,11,2,0,0,0.05486977,101.37,1992,221.1352081483726
1075,5,0,11,1,2,3,0.0311868,98.87,1992,5769.3524204646355
1075,7,0,11,0,1,1,0.031402114,100.62,2009,1363.8242477637973
1075,8,0,11,2,0,1,0.031338557999999996,102.62,2004,1374.1986881911744
1076,1,0,9,0,2,1,0.167444431,486.53,1994,8259.538642121699
1076,8,0,9,2,0,1,0.16758389,486.53,2004,7728.078440039956
1077,5,0,9,1,2,3,0.048703432000000005,314.83,1992,8280.544250449526
1078,2,0,8,1,1,1,0.041973712,89.3,2014,1439.340089641702
1078,3,0,8,1,2,2,0.041907648,90.55,2016,1445.3660923088712
1078,4,0,8,2,0,0,0.073077197,85.8,1992,183.85420997924817
1078,6,0,8,2,1,1,0.041729735,90.8,2011,1443.7821676335468
1078,8,0,8,2,0,1,0.041737627,82.8,2004,1294.1808393744902
1078,9,0,8,1,0,1,0.041802518,87.05,2006,1299.6344023384027
1079,1,0,9,0,2,1,0.040338009,616.79,1994,10380.187961672988
1079,9,0,9,1,0,1,0.040434372,610.79,2006,10058.101148425692
1080,0,2,8,2,2,0,0.060649825,443.51,2005,970.8405031219704
1080,1,0,8,0,2,1,0.036204764,440.26,1994,7069.8831464326495
1081,8,0,11,2,0,1,0.0,637.26,2004,10151.239934678084
1082,0,0,8,2,2,0,0.100171568,656.81,2005,1157.413355749612
1082,5,0,8,1,2,3,0.059557164,659.31,1992,15103.610958944542
1082,6,0,8,2,1,1,0.059835659000000006,660.81,2011,9502.493744113153
1082,8,0,8,2,0,1,0.059846975,656.31,2004,9694.26738954494
1082,9,0,8,1,0,1,0.059940022,656.06,2006,9581.028012544784
1083,2,0,11,1,1,1,0.040187877000000004,214.23,2014,3339.8992649813254
1083,3,0,11,1,2,2,0.040124625,212.98,2016,3278.065293235652
1083,4,0,11,2,0,0,0.06996801799999999,209.98,1992,562.0493076602013
1083,5,0,11,1,2,3,0.03976832,209.98,1992,6526.67272974861
1083,6,0,11,2,1,1,0.039954281,206.23,2011,3183.1968082511985
1083,8,0,11,2,0,1,0.039961837,210.23,2004,3281.898969386506
1083,9,0,11,1,0,1,0.040023967,213.98,2006,3356.0775702807036
1084,2,0,8,1,1,1,0.071538243,111.27,2014,1532.761196159473
1084,3,0,8,1,2,2,0.07142564700000001,114.77,2016,1543.2848977120652
1084,5,0,8,1,2,3,0.070791391,116.02,1992,5750.302423767796
1084,8,0,8,2,0,1,0.07113587,106.77,2004,1536.7107007842765
1085,5,0,9,1,2,3,0.082440705,153.3,1992,6024.694285902952
1085,7,2,9,0,1,1,0.083009876,152.8,2009,1990.9929532091023
1085,9,0,9,1,0,1,0.082970667,150.05,2006,2042.9917884936326
1086,5,0,11,1,2,3,0.047008497,280.05,1992,7032.186950808522
1086,7,0,11,0,1,1,0.047333044000000005,284.55,2009,4938.86741346682
1087,5,0,8,1,2,3,0.017556795,324.91,1992,8707.36171998978
1088,2,0,9,1,1,1,0.067676056,102.2,2014,1485.5396166127366
1088,3,0,9,1,2,2,0.067569539,107.7,2016,1507.296438700208
1088,4,0,9,2,0,0,0.117825569,108.2,1992,175.0205950045975
1088,5,0,9,1,2,3,0.066969525,98.2,1992,5711.589260711681
1088,8,0,9,2,0,1,0.067295406,104.95,2004,1496.4077799136212
1088,9,0,9,1,0,1,0.067400032,104.95,2006,1496.7635249361779
1089,3,0,8,1,2,2,0.035801238,231.53,2016,3443.3098317941717
1089,7,0,8,0,1,1,0.035728302,238.03,2009,3650.1584471778447
1090,2,0,9,1,1,1,0.02848169,276.23,2014,4000.6059338876335
1091,2,0,8,1,1,1,0.05233528,270.32,2014,3999.2034981126076
1091,7,0,8,0,1,1,0.052146455999999994,261.57,2009,4232.30920167096
1092,5,0,9,1,2,3,0.050692386,314.17,1992,8295.381472494857
1093,0,0,11,2,2,0,0.11168586800000001,461.98,2005,1453.8261406369068
1094,0,0,11,2,2,0,0.15385153,462.9,2005,1427.6361599070772
1095,3,0,8,1,2,2,0.055162827000000005,250.84,2016,3909.541507328979
1095,6,0,8,2,1,1,0.05492864099999999,254.34,2011,4186.139287834501
1096,5,0,9,1,2,3,0.124110734,279.39,1992,6867.28742209904
1096,6,0,9,2,1,1,0.0,279.89,2011,3959.6708338935264
1096,7,2,9,0,1,1,0.124967595,281.89,2009,4482.935143876472
1097,1,0,11,0,2,1,0.012089478999999998,474.63,1994,7414.379050649228
1098,6,2,9,2,1,1,0.028674471,287.95,2011,5047.029936964114
1098,7,0,9,0,1,1,0.028738057999999997,292.95,2009,5031.387773648764
1099,2,0,8,1,1,1,0.012184998999999998,125.76,2014,1580.5813745406315
1099,4,0,8,2,0,0,0.021214364,120.51,1992,279.66118824841953
1099,7,0,8,0,1,1,0.012141036000000001,121.76,2009,1525.6502511474098
1099,9,0,8,1,0,1,0.0,119.51,2006,1642.7621230321279
1100,3,0,9,1,2,2,0.017062426999999998,245.35,2016,3406.359028322472
1100,5,2,9,1,2,3,0.016910914,241.6,1992,6641.100594937568
1100,6,0,9,2,1,1,0.016989991,246.35,2011,3640.432005293106
1101,5,0,11,1,2,3,0.0067270080000000005,312.93,1992,9190.126829863204
1102,2,0,8,1,1,1,0.030527166,83.97,2014,1289.4355383126638
1102,3,0,8,1,2,2,0.030479118,83.22,2016,1284.06866558852
1102,4,0,8,2,0,0,0.053148497,90.97,1992,184.9499234740453
1102,5,0,8,1,2,3,0.030208465,88.72,1992,5721.351436111547
1102,6,2,8,2,1,1,0.030349723,92.72,2011,1392.2013235586744
1103,2,0,9,1,1,1,0.021447102000000003,190.83,2014,2187.722271406598
1103,3,0,9,1,2,2,0.021413346,190.58,2016,2164.0108547901013
1103,6,0,9,2,1,1,0.021322439,197.83,2011,2295.1416631319807
1103,7,0,9,0,1,1,0.021369722,189.58,2009,2132.791493704777
1103,8,0,9,2,0,1,0.021326471,190.33,2004,2156.7908442415287
1104,3,0,11,1,2,2,0.05973284400000001,603.13,2016,9421.941754160556
1104,9,0,11,1,0,1,0.059582996,597.13,2006,9522.303343395552
1105,2,0,11,1,1,1,0.073783159,165.04,2014,2069.8417642450086
1105,3,0,11,1,2,2,0.07366703,165.54,2016,2070.286096232971
1105,5,0,11,1,2,3,0.073012871,168.79,1992,5978.412865195355
1105,6,0,11,2,1,1,0.07335428599999999,167.04,2011,2071.0087730722566
1105,7,0,11,0,1,1,0.073516952,164.79,2009,2064.2247325598105
1105,9,0,11,1,0,1,0.0,162.54,2006,2057.86117512207
1106,2,0,8,1,1,1,0.046822808,248.35,2014,4166.396433090271
1106,3,0,8,1,2,2,0.046749112,251.1,2016,4106.650924617663
1106,5,0,8,1,2,3,0.046333982,243.1,1992,6787.8413257181965
1106,7,0,8,0,1,1,0.046653872,246.6,2009,4214.32104506943
1107,3,0,9,1,2,2,0.10847050400000001,83.64,2016,1165.9013868088498
1107,5,0,9,1,2,3,0.10750729099999999,87.14,1992,5491.399363062244
1107,6,2,9,2,1,1,0.10801000599999999,83.39,2011,1162.3631854644834
1107,8,0,9,2,0,1,0.10803043400000001,81.14,2004,1159.7959936239213
1108,8,0,11,2,0,1,0.009776268000000001,534.39,2004,9071.63844544445
1109,2,0,9,1,1,1,0.02981155,113.02,2014,1500.6810081348012
1109,5,0,9,1,2,3,0.029500321,115.52,1992,5851.46130788568
1109,6,0,9,2,1,1,0.029638267000000003,106.52,2011,1493.6376991590755
1110,5,0,8,1,2,3,0.073024401,304.61,1992,8288.339286154764
1110,6,0,8,2,1,1,0.0,301.61,2011,5501.438116106914
1111,1,0,9,0,2,1,0.024630755,445.67,1994,7262.197992464125
1112,6,0,9,2,1,1,0.076841095,293.87,2011,5002.134896547263
1112,7,0,9,0,1,1,0.077011493,293.37,2009,5041.8277701899215
1113,1,0,9,0,2,1,0.015711807,454.65,1994,7596.192070053771
1114,2,0,8,1,1,1,0.018955479,250.35,2014,3834.8100270441428
1114,5,0,8,1,2,3,0.018757586,242.35,1992,6903.121414639772
1114,6,0,8,2,1,1,0.018845298,241.85,2011,3744.6222738142073
1114,7,0,8,0,1,1,0.018887088,247.1,2009,3883.4505486706175
1115,2,0,11,1,1,1,0.047364617000000005,250.0,2014,4275.923391846363
1115,3,0,11,1,2,2,0.047290068,251.25,2016,4234.217406329108
1115,7,2,11,0,1,1,0.0,257.75,2009,4134.275899068587
1116,2,0,9,1,1,1,0.014355033,138.65,2014,1448.8892281545718
1116,3,0,9,1,2,2,0.014332438999999999,142.9,2016,1434.6115146381167
1116,4,0,9,2,0,0,0.024992442,134.15,1992,549.2266269749309
1116,5,0,9,1,2,3,0.014205168,141.9,1992,5851.534582703477
1116,7,0,9,0,1,1,0.01430324,143.15,2009,1434.6115146381167
1116,8,2,9,2,0,1,0.014274292,139.15,2004,1385.5712844248792
1116,9,0,9,1,0,1,0.014296484,134.4,2006,1474.2225003668327
1117,4,0,11,2,0,0,0.159394437,264.23,1992,790.7808742143475
1117,5,0,11,1,2,3,0.090596378,266.73,1992,7247.568459096316
1117,7,0,11,0,1,1,0.091221855,263.98,2009,4382.340685229856
1118,3,0,9,1,2,2,0.044991294,148.14,2016,1564.8723730699624
1118,5,0,9,1,2,3,0.044591774,149.14,1992,5814.446727990596
1119,2,0,9,1,1,1,0.110913601,265.83,2014,4193.852187107925
1120,3,0,8,1,2,2,0.027827268,164.04,2016,1977.429882559798
1120,5,0,8,1,2,3,0.027580162999999998,155.54,1992,5956.374385278787
1120,8,0,8,2,0,1,0.027714371,164.04,2004,1978.819654765711
1120,9,0,8,1,0,1,0.02775746,156.29,2006,1801.9480914428314
1121,3,0,8,1,2,2,0.112728355,164.54,2016,2347.2273967965625
1121,5,2,8,1,2,3,0.0,160.54,1992,6647.876358048016
1121,6,0,8,2,1,1,0.11224978099999999,160.79,2011,2284.217757185079
1121,8,0,8,2,0,1,0.11227101,158.04,2004,2277.16357677426
1122,2,0,9,1,1,1,0.032954044,98.46,2014,1477.4083902513396
1122,5,0,9,1,2,3,0.032610007,93.71,1992,5783.8581369605945
1122,6,0,9,2,1,1,0.032762495,100.21,2011,1475.6396754756329
1122,7,0,9,0,1,1,0.032835147,100.71,2009,1475.6396754756329
1122,9,0,9,1,0,1,0.032819637,97.46,2006,1468.2387131049816
1123,4,0,8,2,0,0,0.028382853,273.65,1992,665.6110605663832
1124,2,0,11,1,1,1,0.020676141000000002,201.65,2014,2576.3075605053427
1124,3,0,11,1,2,2,0.0,198.15,2016,2346.0346355011875
1124,4,0,11,2,0,0,0.035997636,196.65,1992,430.6185559127261
1124,5,0,11,1,2,3,0.020460284,204.4,1992,6619.5620295988565
1124,6,0,11,2,1,1,0.020555958,198.65,2011,2190.4827523703657
1124,8,0,11,2,0,1,0.020559846,196.9,2004,2131.8382466731828
1125,1,0,8,0,2,1,0.032862976,596.73,1994,10457.663103835903
1125,3,0,8,1,2,2,0.033024328,591.73,2016,9534.968598538859
1126,6,0,9,2,1,1,0.035143024,310.93,2011,5210.715241519457
1127,2,0,11,1,1,1,0.01125332,142.65,2014,1366.2320812067044
1127,4,0,11,2,0,0,0.019592289,142.4,1992,372.52883822652143
1127,6,0,11,2,1,1,0.0,134.65,2011,1539.640383836967
1127,7,0,11,0,1,1,0.011212719,139.15,2009,1378.9971640113465
1128,1,0,9,0,2,1,0.007450258,466.89,1994,7561.611971854212
1129,1,0,9,0,2,1,0.041789718,640.25,1994,10845.043607680194
1129,3,2,9,1,2,2,0.041994899,636.75,2016,9592.556979450022
1129,8,0,9,2,0,1,0.041824524,641.75,2004,10341.536131945155
1129,9,0,9,1,0,1,0.04188955,639.75,2006,10174.792006300626
1130,2,0,9,1,1,1,0.13583682800000002,250.93,2014,4180.25062374796
1130,5,0,9,1,2,3,0.134418705,249.18,1992,6896.325715758745
1130,6,0,9,2,1,1,0.13504726,246.43,2011,3852.5498891466277
1131,8,0,8,2,0,1,0.104230135,648.82,2004,9240.686705545277
1132,7,0,9,0,1,1,0.029131242,309.6,2009,5143.823873425112
1133,2,0,11,1,1,1,0.013442036000000001,261.32,2014,3751.4935138637
1133,4,2,11,2,0,0,0.023402892999999998,270.57,1992,803.3069144710787
1133,6,0,11,2,1,1,0.013363901999999999,265.32,2011,3878.3461087730525
1133,7,0,11,0,1,1,0.013393536999999999,265.07,2009,4007.9671847429972
1134,0,0,8,2,2,0,0.032606181,483.95,2005,993.1545896942764
1134,1,0,8,0,2,1,0.01946418,490.95,1994,7912.835608897028
1135,5,0,9,1,2,3,0.039078047000000005,320.92,1992,8599.583393418025
1136,2,0,11,1,1,1,0.11193119300000001,272.23,2014,3912.643667641176
1136,4,0,11,2,0,0,0.194874778,275.73,1992,760.756602080435
1136,5,0,11,1,2,3,0.110762642,271.48,1992,6898.991819097167
1136,7,0,11,0,1,1,0.11152734800000001,275.73,2009,4206.819700347532
1137,1,2,9,0,2,1,0.034278798,535.3,1994,9524.993640302784
1137,8,0,9,2,0,1,0.034307348,538.05,2004,9299.71612058052
1138,1,0,8,0,2,1,0.018889593,590.65,1994,10542.747744123364
1138,3,0,8,1,2,2,0.018982338,592.65,2016,9956.492856449131
1138,8,0,8,2,0,1,0.018905326,586.65,2004,10107.993136203966
1138,9,0,8,1,0,1,0.018934719,594.4,2006,10289.587781127339
1139,1,0,8,0,2,1,0.054585372,491.27,1994,8020.796260055003
1139,8,0,8,2,0,1,0.054630834,500.52,2004,8428.344864051574
1140,6,0,9,2,1,1,0.00676387,102.03,2011,1587.1928946386722
1140,8,0,9,2,0,1,0.006765149,104.28,2004,1607.9129026802602
1140,9,0,9,1,0,1,0.006775666999999999,107.28,2006,1613.4610041454757
1141,5,0,8,1,2,3,0.02426524,285.12,1992,7990.998847541746
1141,6,0,8,2,1,1,0.024378706,286.37,2011,5067.3255008002025
1141,7,0,8,0,1,1,0.024432767,291.12,2009,5037.963921903744
1142,2,0,9,1,1,1,0.020603511,106.78,2014,1564.7791951075424
1142,3,0,9,1,2,2,0.020571083,104.03,2016,1556.8664210558993
1142,5,0,9,1,2,3,0.020388413,111.03,1992,6076.223409972844
1142,8,0,9,2,0,1,0.020487625,110.03,2004,1558.5085309962906
1142,9,0,9,1,0,1,0.020519478,106.28,2006,1564.7791951075424
1143,3,0,8,1,2,2,0.054863459,145.98,2016,1548.097560372818
1143,5,0,8,1,2,3,0.054376275,140.73,1992,5822.440090367358
1143,6,0,8,2,1,1,0.054630544,143.48,2011,1488.9472833192326
1143,7,0,8,0,1,1,0.054751689000000006,136.98,2009,1476.1380148217245
1144,3,0,9,1,2,2,0.07128216799999999,186.17,2016,2220.612390666424
1144,4,0,9,2,0,0,0.12429953099999999,183.67,1992,422.6677241277033
1144,7,0,9,0,1,1,0.07113694799999999,190.92,2009,2137.293019165156
1144,9,0,9,1,0,1,0.071103348,188.67,2006,2073.9983719415914
1145,8,0,9,2,0,1,0.113518466,633.93,2004,8992.820646890512
1145,9,0,9,1,0,1,0.113694957,633.68,2006,8800.013572906191
1146,2,0,8,1,1,1,0.018125948,237.27,2014,3635.8031857709116
1146,3,0,8,1,2,2,0.018097419,242.27,2016,3513.649111036361
1146,5,0,8,1,2,3,0.017936715,234.27,1992,6834.566521903695
1146,7,0,8,0,1,1,0.01806055,242.52,2009,3671.4775757217703
1147,2,0,9,1,1,1,0.038699553,84.48,2014,1337.169347829818
1147,7,0,9,0,1,1,0.038559926,84.73,2009,1337.169347829818
1148,0,0,8,2,2,0,0.242768664,566.35,2005,1481.8998184048614
1148,1,0,8,0,2,1,0.14492016,561.1,1994,9439.629037312678
1148,3,0,8,1,2,2,0.0,561.1,2016,9018.57593321029
1149,1,0,9,0,2,1,0.090486828,488.03,1994,8081.5513310125425
1149,8,0,9,2,0,1,0.09056219199999999,495.53,2004,7770.266778665928
1150,5,0,8,1,2,3,0.020876485,334.49,1992,8818.413644466065
1151,1,0,9,0,2,1,0.031710329,657.73,1994,10112.031355164048
1151,3,0,9,1,2,2,0.031866022,653.23,2016,9805.02178510416
1151,6,0,9,2,1,1,0.031730739,652.73,2011,9996.662565498806
1151,7,0,9,0,1,1,0.031801103,653.98,2009,9976.116050601066
1151,8,0,9,2,0,1,0.0,659.23,2004,9255.41709851481
1152,2,0,8,1,1,1,0.080956792,238.11,2014,3728.9814526139576
1152,3,0,8,1,2,2,0.080829372,241.11,2016,3716.834841327132
1152,5,0,8,1,2,3,0.080111611,236.61,1992,7112.807855952367
1153,7,0,9,0,1,1,0.042296724,265.98,2009,4387.874747939645
1154,1,0,8,0,2,1,0.069487587,666.72,1994,9350.06324319193
1154,5,2,8,1,2,3,0.069208684,660.22,1992,14420.28134486855
1154,6,0,8,2,1,1,0.06953231,666.47,2011,8834.444753065163
1154,9,0,8,1,0,1,0.069653585,665.72,2006,8758.835554252886
1155,5,0,9,1,2,3,0.0,288.04,1992,8280.03527415682
1155,7,0,9,0,1,1,0.090374342,285.79,2009,4782.668244829489
1156,2,0,9,1,1,1,0.069809115,226.29,2014,3658.8531607978834
1156,6,0,9,2,1,1,0.069403341,228.04,2011,3966.9880653669566
1157,1,0,9,0,2,1,0.009984847,438.59,1994,8153.859234557719
1158,1,0,8,0,2,1,0.020934413,641.42,1994,10989.048280946108
1158,3,2,8,1,2,2,0.021037197,639.92,2016,10410.303819505336
1158,8,0,8,2,0,1,0.020951848000000002,638.42,2004,10871.281485911624
1159,1,2,8,0,2,1,0.041831007999999996,466.55,1994,8360.940857765574
1160,5,0,8,1,2,3,0.063800266,307.6,1992,8286.982817331178
1160,7,0,8,0,1,1,0.064240743,304.85,2009,5014.31348328462
1161,2,0,9,1,1,1,0.08074705900000001,117.43,2014,1726.7638542458078
1161,3,0,9,1,2,2,0.080619969,118.68,2016,1727.1632612735855
1161,4,0,9,2,0,0,0.140582485,117.93,1992,205.26065941158632
1161,6,0,9,2,1,1,0.080277707,118.18,2011,1729.3649626545377
1161,9,0,9,1,0,1,0.08041772400000001,122.18,2006,1697.098795869225
1162,2,0,9,1,1,1,0.120211747,233.02,2014,3726.833560850166
1162,3,0,9,1,2,2,0.12002254300000001,237.02,2016,3614.461570056608
1162,6,0,9,2,1,1,0.119513002,233.52,2011,3739.472103404908
1163,3,0,8,1,2,2,0.058975504000000005,204.4,2016,3158.5932308223873
1163,5,0,8,1,2,3,0.058451805,199.9,1992,6157.0441980111045
1163,6,0,8,2,1,1,0.05872513099999999,205.9,2011,3208.4050230041166
1163,7,0,8,0,1,1,0.058855357000000004,197.9,2009,2325.4002981654203
1163,9,0,8,1,0,1,0.058827557,202.15,2006,3006.7789836889333
1164,1,0,9,0,2,1,0.074345142,577.25,1994,9689.41848780755
1164,9,0,9,1,0,1,0.074522745,572.0,2006,9186.415680582262
1165,2,0,8,1,1,1,0.093408695,253.17,2014,4292.433454022438
1165,3,0,8,1,2,2,0.09326167699999999,252.42,2016,4050.6703890373687
1165,5,0,8,1,2,3,0.092433518,254.17,1992,7292.866554716448
1165,6,0,8,2,1,1,0.092865746,251.67,2011,4316.046023718896
1165,7,0,8,0,1,1,0.093071679,259.67,2009,4429.002375893222
1166,1,0,8,0,2,1,0.0520115,475.96,1994,7818.000598273252
1167,0,0,9,2,2,0,0.165073642,519.32,2005,1424.0754315053757
1167,8,0,9,2,0,1,0.09862237800000001,521.07,2004,9847.740887803173
1168,1,0,9,0,2,1,0.066625843,485.62,1994,7932.314197203099
1168,8,0,9,2,0,1,0.066681333,486.12,2004,7962.12544221864
1169,6,0,9,2,1,1,0.105225964,210.56,2011,3371.787464347719
1169,7,0,9,0,1,1,0.10545930699999999,211.56,2009,3311.0348829106897
1170,0,0,8,2,2,0,0.038235337,443.92,2005,1440.6923813755643
1170,1,2,8,0,2,1,0.022824491000000002,442.67,1994,7744.21094870451
1171,3,0,9,1,2,2,0.066200667,153.63,2016,1804.2408457746928
1171,5,0,9,1,2,3,0.065612808,155.88,1992,5961.47782623829
1171,7,0,9,0,1,1,0.06606579900000001,153.38,2009,1804.2408457746928
1171,8,0,9,2,0,1,0.065932087,162.13,2004,1855.649877868749
1172,2,0,8,1,1,1,0.017135155,274.56,2014,3669.552302125349
1172,5,2,8,1,2,3,0.016956266,273.31,1992,6746.16962013784
1172,7,0,8,0,1,1,0.017073332,273.81,2009,3961.28039137182
1173,2,0,9,1,1,1,0.031599715,278.31,2014,3923.2960869393637
1174,0,0,8,2,2,0,0.031490111,597.72,2005,1404.1861890183832
1174,1,0,8,0,2,1,0.018797945,603.22,1994,10867.834351918995
1174,3,0,8,1,2,2,0.01889024,595.47,2016,10308.44586123512
1174,8,0,8,2,0,1,0.018813601,594.97,2004,10451.2179439734
1175,5,0,9,1,2,3,0.03294861,292.03,1992,7762.437707592721
1175,6,0,9,2,1,1,0.033102681,291.53,2011,4879.503627456525
1175,7,0,9,0,1,1,0.033176087,300.28,2009,5108.537392692917
1176,7,0,8,0,1,1,0.148372897,272.23,2009,4267.226656908825
1177,0,0,9,2,2,0,0.08425957,480.79,2005,1093.1613337604333
1178,5,0,8,1,2,3,0.019292355,325.0,1992,8711.838198909936
1179,1,0,9,0,2,1,0.059275452,597.31,1994,9582.673617131772
1179,9,0,9,1,0,1,0.059417055,594.81,2006,9514.707970234142
1180,5,0,8,1,2,3,0.028723187,329.58,1992,8504.62519191063
1181,0,0,9,2,2,0,0.097865088,554.61,2005,1486.8839477737502
1181,3,0,9,1,2,2,0.058707159,551.36,2016,8889.030587655958
1182,1,0,8,0,2,1,0.0304697,478.29,1994,7728.376502694019
1183,3,0,9,1,2,2,0.09680600800000001,140.65,2016,1698.8746514072227
1183,7,0,9,0,1,1,0.09660879,142.4,2009,1723.2594499254415
1183,8,0,9,2,0,1,0.096413261,138.4,2004,1708.8003807240739
1183,9,0,9,1,0,1,0.0,148.15,2006,1911.6459347058803
1184,5,0,8,1,2,3,0.096592065,293.62,1992,8038.156326321306
1184,6,0,8,2,1,1,0.097043739,292.12,2011,4593.546725173952
1184,7,0,8,0,1,1,0.09725893699999999,287.12,2009,4748.524868527003
1185,3,0,8,1,2,2,0.114066204,582.58,2016,8772.484304423431
1186,0,0,9,2,2,0,0.014719325,492.28,2005,1149.627437134122
1186,8,0,9,2,0,1,0.0,490.78,2004,7242.147943067331
1187,1,0,9,0,2,1,0.026598474,614.69,1994,9987.479937340868
1187,3,0,9,1,2,2,0.026729067999999998,621.19,2016,10321.639578117709
1187,8,0,9,2,0,1,0.026620627,623.19,2004,10793.591204165334
1188,0,0,8,2,2,0,0.0,527.56,2005,2047.469840283253
1188,8,0,8,2,0,1,0.017719277,527.56,2004,9214.43440576471
1189,2,0,9,1,1,1,0.048331717,262.91,2014,3944.3676847210463
1189,5,0,9,1,2,3,0.047827139000000005,263.41,1992,6964.911772461857
1189,6,0,9,2,1,1,0.048050783,264.16,2011,4069.6909406014393
1189,7,0,9,0,1,1,0.048157338,265.41,2009,4189.977449298236
1190,2,2,8,1,1,1,0.055301055,86.72,2014,1410.6671574927457
1190,5,0,8,1,2,3,0.054723717000000005,91.72,1992,5802.641414664296
1190,7,0,8,0,1,1,0.05510153,92.72,2009,1575.6550978242087
1190,8,0,8,2,0,1,0.054990009000000006,88.22,2004,1434.7722591604881
1190,9,0,8,1,0,1,0.055075504000000004,83.47,2006,1424.9007579533495
1191,5,2,9,1,2,3,0.060888514000000005,325.49,1992,8544.5986353525
1192,6,0,8,2,1,1,0.16306529999999997,108.27,2011,1704.7389195987455
1192,7,0,8,0,1,1,0.0,110.27,2009,1757.2599953201063
1192,8,0,8,2,0,1,0.163096139,107.52,2004,1704.0271755987455
1192,9,0,8,1,0,1,0.16334971,112.77,2006,1703.520523744063
1193,1,0,9,0,2,1,0.031125708999999998,435.76,1994,7611.283630609267
1194,2,0,8,1,1,1,0.077670981,137.73,2014,1722.6536393616368
1194,3,0,8,1,2,2,0.077548732,137.73,2016,1722.6536393616368
1194,4,0,8,2,0,0,0.135226962,140.73,1992,455.3669544859606
1194,5,0,8,1,2,3,0.076860103,139.98,1992,6010.673579529758
1194,6,0,8,2,1,1,0.077219509,141.23,2011,1688.3776518325517
1194,7,0,8,0,1,1,0.077390746,136.73,2009,1727.6284509982377
1194,8,0,8,2,0,1,0.077234113,142.23,2004,1709.1584181336143
1195,1,0,9,0,2,1,0.02593166,456.49,1994,7828.850200817383
1196,2,0,8,1,1,1,0.076164013,85.13,2014,1454.0359123872527
1196,5,0,8,1,2,3,0.07536886799999999,88.13,1992,5855.9945357397655
1196,6,0,8,2,1,1,0.07572130099999999,85.88,2011,1451.4447131967768
1196,7,2,8,0,1,1,0.075889215,94.13,2009,1598.7803089751096
1196,8,0,8,2,0,1,0.075735621,86.38,2004,1451.5093790802896
1196,9,0,8,1,0,1,0.07585337,92.13,2006,1635.9331835785342
1197,2,0,8,1,1,1,0.058812134,279.14,2014,3805.194890062314
1197,5,0,8,1,2,3,0.058198140999999995,276.14,1992,7022.959901111248
1198,4,0,8,2,0,0,0.10178199,261.75,1992,661.7363808330679
1198,6,0,8,2,1,1,0.058121214000000004,261.25,2011,3976.673714272021
1199,1,0,9,0,2,1,0.09408330300000001,630.67,1994,9545.702811626079
1199,3,0,9,1,2,2,0.09454523599999999,636.92,2016,8515.266010490823
1199,8,0,9,2,0,1,0.094161662,629.92,2004,9557.877257442151
1199,9,0,9,1,0,1,0.09430805800000001,629.67,2006,9245.650783516234
1200,2,2,8,1,1,1,0.0,97.88,2014,1636.1166180342823
1200,3,0,8,1,2,2,0.079755214,91.63,2016,1640.898767923259
1200,5,0,8,1,2,3,0.079046992,99.63,1992,6108.4537445456135
1200,7,0,8,0,1,1,0.079592733,93.38,2009,1631.063331928135
1200,8,0,8,2,0,1,0.079431643,96.63,2004,1656.8233776880966
1201,3,0,9,1,2,2,0.186825823,633.92,2016,8501.731472324107
1201,8,0,9,2,0,1,0.186067862,638.67,2004,9026.042722464637
1201,9,0,9,1,0,1,0.186357148,635.92,2006,8632.69703610144
1202,7,0,8,0,1,1,0.071516201,319.34,2009,5106.930896525115
1203,5,2,9,1,2,3,0.026058181,304.77,1992,8310.489206241084
1203,6,0,9,2,1,1,0.026180032000000002,301.77,2011,5079.982246612673
1203,7,0,9,0,1,1,0.026238087,304.02,2009,5126.390941473131
1204,7,0,8,0,1,1,0.064551885,313.18,2009,4954.173865316062
1205,0,0,9,2,2,0,0.0,595.81,2005,1923.3981040672231
1205,1,0,9,0,2,1,0.011278535,592.56,1994,10543.773331597149
1205,9,2,9,1,0,1,0.011305478999999998,588.81,2006,9687.927240615305
1206,0,0,8,2,2,0,0.040969757,471.8,2005,1911.7231821951793
1206,1,0,8,0,2,1,0.024456797000000002,466.55,1994,7770.419678274465
